{
"lowlevel": {
    "average_loudness": 0.890476465225,
    "barkbands_crest": {
        "dmean": 2.43120408058,
        "dmean2": 3.58663034439,
        "dvar": 7.34936094284,
        "dvar2": 15.2863502502,
        "max": 26.3138599396,
        "mean": 12.8022708893,
        "median": 11.98853302,
        "min": 1.88137733936,
        "var": 31.1223239899
    },
    "barkbands_flatness_db": {
        "dmean": 0.0239084046334,
        "dmean2": 0.0305228307843,
        "dvar": 0.000597380509134,
        "dvar2": 0.000953673850745,
        "max": 0.486702919006,
        "mean": 0.166785612702,
        "median": 0.148543000221,
        "min": 0.0143575137481,
        "var": 0.00782720185816
    },
    "barkbands_kurtosis": {
        "dmean": 6.18493175507,
        "dmean2": 8.28836345673,
        "dvar": 335.9296875,
        "dvar2": 604.021484375,
        "max": 531.147399902,
        "mean": 10.3984231949,
        "median": 2.43703126907,
        "min": -1.90641534328,
        "var": 716.140808105
    },
    "barkbands_skewness": {
        "dmean": 0.677734613419,
        "dmean2": 0.884860098362,
        "dvar": 0.874542593956,
        "dvar2": 1.42767333984,
        "max": 19.9586162567,
        "mean": 2.02135062218,
        "median": 1.46465396881,
        "min": -3.35960555077,
        "var": 4.56610298157
    },
    "barkbands_spread": {
        "dmean": 7.29868268967,
        "dmean2": 10.8242607117,
        "dvar": 122.484031677,
        "dvar2": 272.979400635,
        "max": 121.437355042,
        "mean": 22.4458389282,
        "median": 18.1702880859,
        "min": 0.454463899136,
        "var": 352.097442627
    },
    "dissonance": {
        "dmean": 0.022133063525,
        "dmean2": 0.0370547436178,
        "dvar": 0.000466031953692,
        "dvar2": 0.00122443819419,
        "max": 0.500000059605,
        "mean": 0.452763706446,
        "median": 0.460701167583,
        "min": 0.23862221837,
        "var": 0.00121219013818
    },
    "dynamic_complexity": 5.27957868576,
    "erbbands_crest": {
        "dmean": 2.58692646027,
        "dmean2": 4.00996255875,
        "dvar": 6.08058166504,
        "dvar2": 13.9517202377,
        "max": 31.3373527527,
        "mean": 10.2113523483,
        "median": 8.65977478027,
        "min": 2.22254014015,
        "var": 28.7215709686
    },
    "erbbands_flatness_db": {
        "dmean": 0.0206531044096,
        "dmean2": 0.0281726550311,
        "dvar": 0.000432082568295,
        "dvar2": 0.000811544305179,
        "max": 0.402640759945,
        "mean": 0.158118590713,
        "median": 0.155131995678,
        "min": 0.037948872894,
        "var": 0.00385830644518
    },
    "erbbands_kurtosis": {
        "dmean": 1.16592860222,
        "dmean2": 1.81038427353,
        "dvar": 3.60735821724,
        "dvar2": 8.34825897217,
        "max": 48.7021560669,
        "mean": 1.00340890884,
        "median": 0.0797444581985,
        "min": -1.79692661762,
        "var": 9.54936504364
    },
    "erbbands_skewness": {
        "dmean": 0.404825150967,
        "dmean2": 0.59968984127,
        "dvar": 0.164013028145,
        "dvar2": 0.367105215788,
        "max": 5.21814346313,
        "mean": 0.442980587482,
        "median": 0.437065809965,
        "min": -3.7424685955,
        "var": 0.775205075741
    },
    "erbbands_spread": {
        "dmean": 9.56510448456,
        "dmean2": 14.2479476929,
        "dvar": 158.364089966,
        "dvar2": 365.012664795,
        "max": 169.959396362,
        "mean": 39.0144424438,
        "median": 31.9631938934,
        "min": 1.94383692741,
        "var": 648.248046875
    },
    "hfc": {
        "dmean": 10.8992786407,
        "dmean2": 15.4898719788,
        "dvar": 413.551818848,
        "dvar2": 776.510070801,
        "max": 262.483642578,
        "mean": 24.8195362091,
        "median": 15.2050952911,
        "min": 1.1548185152e-16,
        "var": 1052.02355957
    },
    "melbands_crest": {
        "dmean": 3.0968298912,
        "dmean2": 4.39424800873,
        "dvar": 9.92634487152,
        "dvar2": 19.6834392548,
        "max": 37.4017105103,
        "mean": 18.6354961395,
        "median": 17.3450698853,
        "min": 1.99083125591,
        "var": 62.7541923523
    },
    "melbands_flatness_db": {
        "dmean": 0.0272740144283,
        "dmean2": 0.0342711694539,
        "dvar": 0.000855512102135,
        "dvar2": 0.00135033729021,
        "max": 0.626412391663,
        "mean": 0.252220571041,
        "median": 0.231264293194,
        "min": 0.00656022131443,
        "var": 0.0120756868273
    },
    "melbands_kurtosis": {
        "dmean": 14.8113965988,
        "dmean2": 19.8474750519,
        "dvar": 2052.4453125,
        "dvar2": 3707.46044922,
        "max": 1306.82165527,
        "mean": 28.3172931671,
        "median": 8.53014183044,
        "min": -1.84685146809,
        "var": 4790.84570312
    },
    "melbands_skewness": {
        "dmean": 0.894822776318,
        "dmean2": 1.19044470787,
        "dvar": 1.54563009739,
        "dvar2": 2.64486074448,
        "max": 29.8295936584,
        "mean": 3.27181863785,
        "median": 2.49115991592,
        "min": -1.58842265606,
        "var": 9.08623123169
    },
    "melbands_spread": {
        "dmean": 6.24245548248,
        "dmean2": 8.98908519745,
        "dvar": 115.725212097,
        "dvar2": 218.557998657,
        "max": 232.083389282,
        "mean": 21.866733551,
        "median": 17.3588314056,
        "min": 0.334412395954,
        "var": 484.262542725
    },
    "pitch_salience": {
        "dmean": 0.0649247691035,
        "dmean2": 0.096630692482,
        "dvar": 0.00514571974054,
        "dvar2": 0.0107850804925,
        "max": 0.84016507864,
        "mean": 0.463764041662,
        "median": 0.468615055084,
        "min": 0.0558535642922,
        "var": 0.0221860501915
    },
    "silence_rate_20dB": {
        "dmean": 0,
        "dmean2": 0,
        "dvar": 0,
        "dvar2": 0,
        "max": 1,
        "mean": 1,
        "median": 1,
        "min": 1,
        "var": 0
    },
    "silence_rate_30dB": {
        "dmean": 0.0458265133202,
        "dmean2": 0.0916645675898,
        "dvar": 0.0437291003764,
        "dvar2": 0.0842716172338,
        "max": 1,
        "mean": 0.902693867683,
        "median": 1,
        "min": 0,
        "var": 0.0878350660205
    },
    "silence_rate_60dB": {
        "dmean": 0.0113307312131,
        "dmean2": 0.0226643159986,
        "dvar": 0.0112034324557,
        "dvar2": 0.0246715322137,
        "max": 1,
        "mean": 0.0804380699992,
        "median": 0,
        "min": 0,
        "var": 0.0739666745067
    },
    "spectral_centroid": {
        "dmean": 229.369216919,
        "dmean2": 326.247741699,
        "dvar": 95348.328125,
        "dvar2": 170204.03125,
        "max": 11288.1552734,
        "mean": 1259.31445312,
        "median": 1132.27319336,
        "min": 167.634170532,
        "var": 561229.8125
    },
    "spectral_complexity": {
        "dmean": 2.48621416092,
        "dmean2": 3.65424323082,
        "dvar": 12.4154462814,
        "dvar2": 19.431936264,
        "max": 62,
        "mean": 14.4646272659,
        "median": 13,
        "min": 0,
        "var": 98.8782119751
    },
    "spectral_decrease": {
        "dmean": 3.92692234286e-09,
        "dmean2": 5.04211739027e-09,
        "dvar": 7.88150194611e-17,
        "dvar2": 1.19866769035e-16,
        "max": -8.04527502724e-29,
        "mean": -1.0056568911e-08,
        "median": -4.9348081177e-09,
        "min": -8.57138644506e-08,
        "var": 2.28938288445e-16
    },
    "spectral_energy": {
        "dmean": 0.0154277002439,
        "dmean2": 0.0198021437973,
        "dvar": 0.00114590045996,
        "dvar2": 0.00175599206705,
        "max": 0.325878679752,
        "mean": 0.0402070730925,
        "median": 0.0204849429429,
        "min": 1.07782021557e-20,
        "var": 0.00337422010489
    },
    "spectral_energyband_high": {
        "dmean": 0.000824598828331,
        "dmean2": 0.0012065328192,
        "dvar": 3.21639618051e-06,
        "dvar2": 6.05733612247e-06,
        "max": 0.0305298566818,
        "mean": 0.00128191697877,
        "median": 0.000354716350557,
        "min": 7.87189337993e-21,
        "var": 7.43928603697e-06
    },
    "spectral_energyband_low": {
        "dmean": 0.0119767216966,
        "dmean2": 0.0152964387089,
        "dvar": 0.00110657827463,
        "dvar2": 0.00167573150247,
        "max": 0.316683888435,
        "mean": 0.0249718651175,
        "median": 0.0077559677884,
        "min": 7.91354526097e-23,
        "var": 0.00289450027049
    },
    "spectral_energyband_middle_high": {
        "dmean": 0.00251402240247,
        "dmean2": 0.00348311825655,
        "dvar": 3.17028170684e-05,
        "dvar2": 6.35469914414e-05,
        "max": 0.117121547461,
        "mean": 0.00638274336234,
        "median": 0.00197459384799,
        "min": 1.57403120358e-21,
        "var": 0.000113821733976
    },
    "spectral_energyband_middle_low": {
        "dmean": 0.00402930565178,
        "dmean2": 0.00627878494561,
        "dvar": 6.43228340778e-05,
        "dvar2": 0.000165685938555,
        "max": 0.0975856482983,
        "mean": 0.00833465531468,
        "median": 0.00491409096867,
        "min": 2.98703936189e-22,
        "var": 0.000101490848465
    },
    "spectral_entropy": {
        "dmean": 0.193951755762,
        "dmean2": 0.265206992626,
        "dvar": 0.0418780855834,
        "dvar2": 0.0824443474412,
        "max": 9.80751132965,
        "mean": 7.4412727356,
        "median": 7.4890499115,
        "min": 5.14938259125,
        "var": 0.442007303238
    },
    "spectral_flux": {
        "dmean": 0.0311884768307,
        "dmean2": 0.0477942451835,
        "dvar": 0.00318123190664,
        "dvar2": 0.00662814592943,
        "max": 0.505391299725,
        "mean": 0.0781781449914,
        "median": 0.0589301586151,
        "min": 1.03818120767e-10,
        "var": 0.00584506010637
    },
    "spectral_kurtosis": {
        "dmean": 2.76518297195,
        "dmean2": 4.54697847366,
        "dvar": 20.2069950104,
        "dvar2": 60.7587089539,
        "max": 77.0932998657,
        "mean": 6.88997888565,
        "median": 4.45778846741,
        "min": -1.1704903841,
        "var": 64.3917312622
    },
    "spectral_rms": {
        "dmean": 0.000940349302255,
        "dmean2": 0.00119002885185,
        "dvar": 2.45825435741e-06,
        "dvar2": 3.55327529178e-06,
        "max": 0.0178306028247,
        "mean": 0.00524271791801,
        "median": 0.00447049364448,
        "min": 3.24273333879e-12,
        "var": 1.17403042168e-05
    },
    "spectral_rolloff": {
        "dmean": 589.476257324,
        "dmean2": 1000.7723999,
        "dvar": 1989681.125,
        "dvar2": 4965198,
        "max": 18238.6230469,
        "mean": 1365.08337402,
        "median": 775.1953125,
        "min": 43.06640625,
        "var": 3324812.5
    },
    "spectral_skewness": {
        "dmean": 0.303734153509,
        "dmean2": 0.47637796402,
        "dvar": 0.11747571826,
        "dvar2": 0.312936484814,
        "max": 6.55129337311,
        "mean": 1.82773756981,
        "median": 1.68575263023,
        "min": -0.047388214618,
        "var": 0.687914073467
    },
    "spectral_spread": {
        "dmean": 1067610.625,
        "dmean2": 1464123.625,
        "dvar": 2.15650598912e+12,
        "dvar2": 3.85373857382e+12,
        "max": 39929836,
        "mean": 5255357.5,
        "median": 4562562.5,
        "min": 811051.625,
        "var": 8.25603968205e+12
    },
    "spectral_strongpeak": {
        "dmean": 0.495200097561,
        "dmean2": 0.79799747467,
        "dvar": 1.03160703182,
        "dvar2": 2.39732885361,
        "max": 12.6377696991,
        "mean": 1.06327044964,
        "median": 0.280851840973,
        "min": 0,
        "var": 2.69088625908
    },
    "zerocrossingrate": {
        "dmean": 0.0144811077043,
        "dmean2": 0.0165837332606,
        "dvar": 0.00033645570511,
        "dvar2": 0.000403488258598,
        "max": 0.482421875,
        "mean": 0.0592380911112,
        "median": 0.048828125,
        "min": 0.00146484375,
        "var": 0.00234311330132
    },
    "barkbands": {
        "dmean": [0.000877806567587, 0.0113407364115, 0.00169919640757, 0.000957955024205, 0.0011329271365, 0.000610934454016, 0.000646769651212, 0.000652574526612, 0.00101733347401, 0.000751216488425, 0.000949413864873, 0.000356539356289, 0.000363982224371, 0.00030923113809, 0.000399444776122, 0.0002082780411, 0.000146524791489, 0.00019103717932, 9.89155378193e-05, 0.000151953398017, 7.82980787335e-05, 9.66997758951e-05, 0.000168566635693, 0.00017030138406, 0.000139644413139, 0.000153108514496, 3.33381030941e-05],
        "dmean2": [0.00125677406322, 0.0146445985883, 0.00318895303644, 0.00162958109286, 0.00186283292715, 0.00103445269633, 0.000982884899713, 0.00103027059231, 0.00148615485523, 0.00110169092659, 0.00129404838663, 0.00053679064149, 0.000574971956667, 0.000474008294987, 0.000600027095061, 0.000329330272507, 0.000229009179748, 0.000296346319374, 0.000148055449245, 0.000226283998927, 0.000108231964987, 0.000136985603604, 0.000252080586506, 0.000259260530584, 0.000212224549614, 0.000245810690103, 5.42951638636e-05],
        "dvar": [4.61128502138e-06, 0.00105356879067, 5.42466004845e-05, 1.43092192957e-05, 8.08487402537e-06, 2.20848255594e-06, 3.36476523444e-06, 1.95718735085e-06, 7.33597289582e-06, 6.76718627801e-06, 8.60045292939e-06, 2.36335336012e-06, 1.47525099692e-06, 8.87745216005e-07, 1.02005776625e-06, 5.58421845653e-07, 1.57554765678e-07, 2.23389449161e-07, 1.01640900141e-07, 1.73820978944e-07, 6.84230130332e-08, 9.20337512866e-08, 1.90522911225e-07, 1.97257236323e-07, 9.10014605893e-08, 9.73475238197e-08, 6.5820513484e-09],
        "dvar2": [9.6905278042e-06, 0.00169216457289, 0.000159619055921, 3.92368237954e-05, 2.12931499846e-05, 5.91955267737e-06, 7.82868846727e-06, 4.80334620079e-06, 1.5848354451e-05, 1.54271237989e-05, 1.59277351486e-05, 5.08059611093e-06, 3.6464095956e-06, 1.96609175873e-06, 2.17354568122e-06, 1.45153921949e-06, 3.58298194669e-07, 5.45351895198e-07, 2.31943261042e-07, 3.97137000618e-07, 1.18255485404e-07, 1.84336613529e-07, 3.95868880787e-07, 4.12087729273e-07, 1.90178525372e-07, 2.31036949572e-07, 1.59435895597e-08],
        "max": [0.0257917270064, 0.307242333889, 0.0714215785265, 0.0630018189549, 0.0430695973337, 0.0202283952385, 0.0418221876025, 0.0282404311001, 0.0765666738153, 0.0884914919734, 0.0939047262073, 0.049624633044, 0.026670275256, 0.0243914537132, 0.0284762382507, 0.0254884622991, 0.0138091174886, 0.0137730948627, 0.0110517060384, 0.0115453172475, 0.0141433198005, 0.00658145314083, 0.00978194084018, 0.0105242244899, 0.00633573392406, 0.00362706626765, 0.000865664915182],
        "mean": [0.00167197745759, 0.0213722940534, 0.00150394951925, 0.000963637197856, 0.00166291906498, 0.00080413010437, 0.00121831672732, 0.00104658701457, 0.00188033422455, 0.00150504079647, 0.00178237631917, 0.000547078729142, 0.000535930914339, 0.000505273987073, 0.00067573582055, 0.000335238815751, 0.000256827159319, 0.000341597537044, 0.000177208348759, 0.000283741945168, 0.000136604940053, 0.00016127814888, 0.000261900422629, 0.000230216362979, 0.00016768243222, 0.000149883635459, 2.92662025458e-05],
        "median": [0.000486231030663, 0.0053644804284, 0.000536406994797, 0.000277643732261, 0.00060322706122, 0.00029289314989, 0.000219395209569, 0.00028711464256, 0.000283764005871, 0.000192246181541, 0.000163406453794, 6.95708004059e-05, 8.33251979202e-05, 7.12745531928e-05, 0.000120585580589, 6.84056358295e-05, 7.27008300601e-05, 6.45222753519e-05, 5.05224379594e-05, 5.51063203602e-05, 3.32213567162e-05, 4.05376413255e-05, 4.58904178231e-05, 2.93042030535e-05, 1.92578154383e-05, 1.27615685415e-05, 9.39566916713e-07],
        "min": [1.1211132624e-23, 3.24349690621e-23, 2.25456036504e-23, 2.47257659124e-23, 8.8413693789e-23, 2.34591960866e-23, 6.42235644312e-23, 7.39069645714e-23, 2.32991283203e-23, 1.58028876383e-23, 8.46166979929e-23, 1.50276386857e-22, 7.12262385106e-23, 6.4608187765e-23, 9.47108674728e-23, 2.46294642975e-22, 2.02110177642e-22, 2.05904787923e-22, 2.63366375514e-22, 4.81529935686e-22, 4.91665170109e-22, 5.78284066499e-22, 5.75678073965e-22, 1.05085481422e-21, 1.15402004917e-21, 1.76784693164e-21, 2.22099064797e-21],
        "var": [8.72658347362e-06, 0.00245746830478, 2.94793644571e-05, 1.01520363387e-05, 9.55227551458e-06, 2.24905784307e-06, 9.18452315091e-06, 4.27214763477e-06, 2.57352512563e-05, 1.95841530513e-05, 3.00075153064e-05, 4.53944676337e-06, 2.3236218567e-06, 2.15012164517e-06, 2.32025263358e-06, 1.09961376893e-06, 3.23008322312e-07, 5.92430694724e-07, 1.9451083233e-07, 4.59368663996e-07, 1.93248439473e-07, 1.68567581227e-07, 4.33559733892e-07, 4.07626060905e-07, 1.66000234003e-07, 1.10217108329e-07, 6.15365447487e-09]
    },
    "erbbands": {
        "dmean": [0.508040070534, 2.09296917915, 2.17095160484, 2.56423091888, 3.5431022644, 3.87594819069, 5.10676050186, 4.94663953781, 7.33049964905, 10.166384697, 19.493680954, 21.9429225922, 20.3187274933, 40.6796760559, 17.8951206207, 13.8705596924, 16.8031578064, 17.6075572968, 15.4371004105, 17.1313762665, 8.93397521973, 7.52988290787, 11.4571990967, 5.19036579132, 5.5285859108, 7.3736448288, 3.43604826927, 3.40434908867, 3.47286891937, 4.08176708221, 4.855281353, 3.89831805229, 2.71470165253, 1.41283452511, 1.06846237183, 0.6624391675, 0.292357683182, 0.0647960156202, 0.00617833295837, 0.000155066954903],
        "dmean2": [0.633288562298, 2.85129570961, 3.87483453751, 4.55479288101, 5.89215087891, 6.37113332748, 8.48356056213, 8.38263320923, 11.7010974884, 14.5779457092, 31.0312347412, 31.6828689575, 29.5318565369, 56.3580932617, 25.406288147, 20.8512783051, 26.1461639404, 26.6779384613, 23.0254421234, 25.7625465393, 13.8114442825, 11.4729394913, 17.7024364471, 7.87516689301, 8.12022304535, 11.0873165131, 4.85758066177, 4.72948026657, 4.88296031952, 6.02246809006, 7.2603392601, 5.8881649971, 4.1556596756, 2.11305427551, 1.65288519859, 1.04778492451, 0.47958484292, 0.10423143208, 0.0101453801617, 0.000246449606493],
        "dvar": [1.99250400066, 39.9289741516, 79.1768493652, 111.68964386, 160.000488281, 89.8855438232, 152.066116333, 161.421295166, 490.99899292, 512.470336914, 2216.61547852, 4046.54003906, 2833.94287109, 18293.2070312, 2737.40136719, 3203.80688477, 2925.04956055, 2711.62353516, 1829.73657227, 1993.59338379, 719.776977539, 426.293304443, 807.042236328, 209.69140625, 269.943084717, 446.874633789, 105.184936523, 134.402801514, 118.967453003, 138.333908081, 164.64225769, 112.180892944, 47.6891784668, 12.1650695801, 4.72135591507, 1.67567765713, 0.402375340462, 0.0212792549282, 0.000244330003625, 1.48058262539e-07],
        "dvar2": [2.87652277946, 77.2369003296, 226.138931274, 316.77557373, 429.230804443, 239.662109375, 407.492919922, 435.408416748, 1262.6505127, 1025.50610352, 5414.16650391, 8458.2265625, 6031.51708984, 37925.5, 5674.89501953, 6716.17529297, 7103.13671875, 5972.1015625, 3904.93139648, 4342.296875, 1757.28723145, 968.617919922, 1981.82568359, 468.967102051, 581.631652832, 1062.74584961, 190.490966797, 244.322036743, 236.777420044, 290.140686035, 348.987426758, 235.078689575, 102.285171509, 24.948589325, 10.2666988373, 3.81697225571, 0.99916857481, 0.0515775345266, 0.000603766995482, 3.63923504665e-07],
        "max": [13.4923286438, 57.0074882507, 79.9388656616, 139.027954102, 180.538833618, 191.355560303, 195.849639893, 158.727432251, 357.821929932, 582.336303711, 1042.46289062, 2246.78613281, 1331.65185547, 3431.52929688, 1925.96264648, 1945.27307129, 1089.63378906, 1411.94726562, 963.996459961, 1032.73657227, 1050.87011719, 476.839599609, 705.252258301, 590.725830078, 417.329559326, 578.900085449, 457.678436279, 592.115478516, 217.869171143, 234.591583252, 307.944915771, 246.401275635, 142.225219727, 94.4690704346, 41.9308586121, 16.4862613678, 6.10083675385, 1.43938267231, 0.162352636456, 0.00457266625017],
        "mean": [0.959559559822, 3.40973877907, 2.21014237404, 2.66558742523, 3.82971024513, 6.0310087204, 7.28024196625, 6.24334144592, 12.3797578812, 21.6558513641, 29.9220695496, 44.1579666138, 47.4162521362, 77.9942703247, 33.3826942444, 23.136920929, 26.9039974213, 30.7634048462, 27.6849155426, 29.8636417389, 16.7452774048, 14.7440090179, 20.4437961578, 10.3903484344, 10.3255252838, 13.3305854797, 6.42737150192, 5.82746696472, 5.79755353928, 6.24419879913, 7.68048810959, 5.57222795486, 3.42654442787, 1.78745353222, 1.23048961163, 0.685637712479, 0.272659629583, 0.0596903637052, 0.00524036167189, 0.000168643920915],
        "median": [0.260953009129, 0.735192060471, 0.806917607784, 0.98634827137, 1.22253322601, 1.929271698, 2.70076274872, 2.15057826042, 2.9655880928, 5.94111585617, 8.33798885345, 7.00440216064, 8.1583032608, 6.30435609818, 5.38992023468, 3.99455022812, 4.69767475128, 5.43808794022, 6.04744911194, 6.35462856293, 4.80141401291, 4.00490093231, 3.98290967941, 3.2022190094, 2.73592734337, 2.39168071747, 1.6246856451, 1.41241788864, 1.43398785591, 1.52845180035, 1.24964499474, 0.765345275402, 0.388647139072, 0.211933553219, 0.143249332905, 0.0667760446668, 0.0204696003348, 0.00339271570556, 0.000164493598277, 4.47851925856e-05],
        "min": [2.21677901426e-21, 2.71861874824e-21, 2.06916095991e-20, 6.04420421228e-20, 1.28016242282e-19, 3.54749382089e-19, 2.74458268751e-19, 2.40086484457e-19, 8.25825277119e-19, 1.7260188476e-18, 8.37677327731e-19, 5.94482918918e-19, 3.7729222513e-19, 1.64377393365e-18, 2.93355592416e-18, 6.46466091897e-18, 4.28345388607e-18, 3.52424146368e-18, 4.84913541004e-18, 5.35656604808e-18, 1.53656954783e-17, 1.12401859399e-17, 1.30798132883e-17, 9.2175200655e-18, 1.61663219388e-17, 2.35383755879e-17, 2.12907041792e-17, 1.90265238998e-17, 1.95029154126e-17, 1.75319111033e-17, 1.65318662864e-17, 2.20814507945e-17, 1.72309000784e-17, 1.03805616493e-17, 1.07256556106e-17, 6.50710314261e-18, 3.29459730728e-18, 1.31904154012e-18, 3.33828304187e-19, 2.93327130941e-20],
        "var": [5.0083823204, 69.8332672119, 49.7373847961, 71.1753921509, 117.311660767, 135.497253418, 183.398666382, 154.146911621, 804.733581543, 1836.015625, 4388.09521484, 17359.4746094, 15374.4599609, 57880.3632812, 9087.36230469, 6658.99707031, 5203.54541016, 6866.48925781, 4373.79150391, 4640.15185547, 1595.29980469, 953.325134277, 2111.52905273, 547.727722168, 559.028869629, 1084.8795166, 320.767669678, 322.433532715, 222.377334595, 258.159606934, 369.452026367, 245.276596069, 87.4491958618, 23.5023765564, 7.87196350098, 2.24397611618, 0.390771359205, 0.0209122598171, 0.000215895051952, 1.42654002389e-07]
    },
    "gfcc": {
        "mean": [-32.0356636047, 94.5280151367, -98.8257751465, 21.054479599, -43.7384910583, 18.5593986511, -25.9438705444, 17.2478237152, -12.8366069794, 7.03155851364, -13.3896379471, 1.6864849329, -9.12696552277],
        "cov": [[16398.421875, -5469.20263672, 49.1101150513, 686.980041504, -1018.73535156, 1017.15661621, -341.550476074, 745.066894531, -69.5887374878, 432.569854736, -238.212539673, 857.646057129, -308.125274658], [-5469.20263672, 3824.42089844, -583.497680664, -139.024398804, 1064.5546875, -547.879516602, 432.701263428, -318.147155762, 113.405174255, -221.283843994, 293.04800415, -474.506164551, 265.822967529], [49.1101150513, -583.497680664, 1448.10791016, 158.184753418, -79.8987960815, 214.725418091, -100.017478943, 56.8407936096, -6.43352842331, 80.3391418457, -46.1494216919, 88.923866272, -108.784896851], [686.980041504, -139.024398804, 158.184753418, 484.401641846, 69.3517990112, 16.2205524445, 24.7690639496, 17.3261737823, 13.2352180481, 27.9950389862, 18.569108963, 23.0733337402, 20.9812335968], [-1018.73535156, 1064.5546875, -79.8987960815, 69.3517990112, 586.676269531, -104.108634949, 203.450302124, -50.8199005127, 77.6976242065, -44.1179389954, 107.801055908, -139.651275635, 94.9933013916], [1017.15661621, -547.879516602, 214.725418091, 16.2205524445, -104.108634949, 305.560882568, 7.76458406448, 63.9000854492, -3.7428560257, 62.5333900452, -26.9330711365, 80.6174926758, -57.8983802795], [-341.550476074, 432.701263428, -100.017478943, 24.7690639496, 203.450302124, 7.76458406448, 240.370407104, 3.25368189812, 43.8690872192, -8.21200752258, 54.2721290588, -56.721031189, 48.4022102356], [745.066894531, -318.147155762, 56.8407936096, 17.3261737823, -50.8199005127, 63.9000854492, 3.25368189812, 168.723739624, 48.7725143433, 35.48204422, -18.7612895966, 54.0611991882, -20.730052948], [-69.5887374878, 113.405174255, -6.43352842331, 13.2352180481, 77.6976242065, -3.7428560257, 43.8690872192, 48.7725143433, 185.721099854, 29.2641201019, 10.2626428604, -22.7963161469, 11.5151062012], [432.569854736, -221.283843994, 80.3391418457, 27.9950389862, -44.1179389954, 62.5333900452, -8.21200752258, 35.48204422, 29.2641201019, 111.99961853, 17.7989902496, 27.7448616028, -31.820476532], [-238.212539673, 293.04800415, -46.1494216919, 18.569108963, 107.801055908, -26.9330711365, 54.2721290588, -18.7612895966, 10.2626428604, 17.7989902496, 112.157409668, -10.3232746124, 22.3065948486], [857.646057129, -474.506164551, 88.923866272, 23.0733337402, -139.651275635, 80.6174926758, -56.721031189, 54.0611991882, -22.7963161469, 27.7448616028, -10.3232746124, 150.978485107, -10.8028717041], [-308.125274658, 265.822967529, -108.784896851, 20.9812335968, 94.9933013916, -57.8983802795, 48.4022102356, -20.730052948, 11.5151062012, -31.820476532, 22.3065948486, -10.8028717041, 101.733169556]],
        "icov": [[0.000176606845343, 0.000240352688706, 0.000166348501807, -0.000170220911968, -0.000252713827649, -0.000168629412656, 1.92247025552e-05, -0.000263843627181, 7.37942173146e-05, -9.48672022787e-05, -5.62797285966e-05, -0.000327313638991, 0.000136505826958], [0.000240352688706, 0.00153220363427, 0.000172631480382, 0.00021251506405, -0.00132756307721, 0.000584773428272, -0.000469205901027, 0.000399439129978, -0.000141594064189, 0.000782061368227, -0.00165060337167, 0.00114177342039, -0.000513966719154], [0.000166348501807, 0.000172631480382, 0.00104535336141, -0.000447984726634, -0.000503004295751, -0.000657897850033, 0.000434657617006, -0.000229335972108, 7.97792381491e-05, -0.000324736407492, 0.000295612204354, -0.000664811930619, 0.000858668412548], [-0.000170220911968, 0.00021251506405, -0.000447984726634, 0.00261707720347, -0.000473318214063, 0.000589192204643, -0.000305222696625, 0.000436894886661, -5.46370283701e-05, -0.000234939681832, -0.000437249138486, 0.000408269901527, -0.00100617436692], [-0.000252713827649, -0.00132756307721, -0.000503004295751, -0.000473318214063, 0.00496098631993, -0.000260875473032, -0.00129099283367, -0.000234474093304, -0.00072607351467, 0.000500269467011, -0.00104726152495, 0.00159164844081, -0.00131385738496], [-0.000168629412656, 0.000584773428272, -0.000657897850033, 0.000589192204643, -0.000260875473032, 0.00597641989589, -0.00227194395848, 0.000447051395895, 9.41046455409e-05, -0.00104615499731, 0.000386519823223, -0.00101823965088, 0.00142244482413], [1.92247025552e-05, -0.000469205901027, 0.000434657617006, -0.000305222696625, -0.00129099283367, -0.00227194395848, 0.00736210448667, -0.00142832449637, -0.000208379278774, -4.35212423326e-05, -0.00113285379484, 0.00128233199939, -0.00167479796801], [-0.000263843627181, 0.000399439129978, -0.000229335972108, 0.000436894886661, -0.000234474093304, 0.000447051395895, -0.00142832449637, 0.00919892452657, -0.00259480671957, -0.000330798735376, 0.000789554149378, -0.00169147877023, 0.000686714192852], [7.37942173146e-05, -0.000141594064189, 7.97792381491e-05, -5.46370283701e-05, -0.00072607351467, 9.41046455409e-05, -0.000208379278774, -0.00259480671957, 0.00702376058325, -0.00251233158633, 0.00092314532958, 0.000760637223721, -0.000710485910531], [-9.48672022787e-05, 0.000782061368227, -0.000324736407492, -0.000234939681832, 0.000500269467011, -0.00104615499731, -4.35212423326e-05, -0.000330798735376, -0.00251233158633, 0.013851438649, -0.00539844669402, 0.00121025799308, 0.00219026417471], [-5.62797285966e-05, -0.00165060337167, 0.000295612204354, -0.000437249138486, -0.00104726152495, 0.000386519823223, -0.00113285379484, 0.000789554149378, 0.00092314532958, -0.00539844669402, 0.0152674503624, -0.00462496001273, 0.000814701197669], [-0.000327313638991, 0.00114177342039, -0.000664811930619, 0.000408269901527, 0.00159164844081, -0.00101823965088, 0.00128233199939, -0.00169147877023, 0.000760637223721, 0.00121025799308, -0.00462496001273, 0.0147279649973, -0.00491982745007], [0.000136505826958, -0.000513966719154, 0.000858668412548, -0.00100617436692, -0.00131385738496, 0.00142244482413, -0.00167479796801, 0.000686714192852, -0.000710485910531, 0.00219026417471, 0.000814701197669, -0.00491982745007, 0.0157492924482]]
    },
    "melbands": {
        "dmean": [0.003715880448, 0.00153459736612, 0.000489483820274, 0.000245887989877, 0.000181591298315, 0.000112499532406, 0.000121336663142, 0.000107926360215, 0.00018322870892, 0.000136963135446, 0.00010050606943, 0.00015864080342, 8.02544745966e-05, 3.39219332091e-05, 4.46017111244e-05, 3.82291109418e-05, 3.44780455634e-05, 2.226536526e-05, 3.24564498442e-05, 2.02384217118e-05, 9.14221800485e-06, 8.53367964737e-06, 1.13934120236e-05, 7.5299353739e-06, 4.37351627625e-06, 3.89026399716e-06, 5.20264802617e-06, 5.28489636054e-06, 2.37566700889e-06, 1.98901670956e-06, 2.07529546969e-06, 2.02210253519e-06, 1.95960706151e-06, 2.65779135589e-06, 2.95821405416e-06, 2.65187327386e-06, 2.43759677687e-06, 2.09231620829e-06, 1.39947599109e-06, 1.15898478725e-06],
        "dmean2": [0.00472651142627, 0.00227248272859, 0.000851147400681, 0.000406369013945, 0.000297913240502, 0.000189907208551, 0.000188896025065, 0.000154877023306, 0.000289672578219, 0.000195814180188, 0.000146856778883, 0.000221585942199, 0.000111756758997, 4.93701081723e-05, 6.80652228766e-05, 6.07018046139e-05, 5.24940151081e-05, 3.33358148055e-05, 4.90007769258e-05, 3.19283171848e-05, 1.41847840496e-05, 1.33332596306e-05, 1.77530491783e-05, 1.16405190056e-05, 6.82367590343e-06, 5.95522351432e-06, 7.68693189457e-06, 8.13932092569e-06, 3.45008720615e-06, 2.85147211798e-06, 2.97026099361e-06, 2.90210346066e-06, 2.91405740427e-06, 4.03729427489e-06, 4.48794344265e-06, 4.04896900363e-06, 3.74325918528e-06, 3.26731947098e-06, 2.08466167351e-06, 1.75285015303e-06],
        "dvar": [0.000110043954919, 2.5807570637e-05, 3.88400349038e-06, 4.42403745637e-07, 1.8620310982e-07, 7.82170488378e-08, 1.25150847907e-07, 5.3687170265e-08, 2.20553602048e-07, 1.66550236713e-07, 7.83585036856e-08, 2.88763288836e-07, 5.09778459445e-08, 1.39935165677e-08, 3.86542922115e-08, 1.69332636801e-08, 1.20550556204e-08, 5.02011454628e-09, 7.62856355863e-09, 4.98129537618e-09, 6.25665075304e-10, 5.38465272371e-10, 9.78434999688e-10, 3.43723660645e-10, 1.6092976951e-10, 1.59751156747e-10, 2.40951925079e-10, 2.53133819461e-10, 4.92037487143e-11, 5.26474905338e-11, 4.73109641741e-11, 3.97964092236e-11, 3.71716858683e-11, 5.66039611016e-11, 6.13091660773e-11, 5.12151293597e-11, 4.42267888978e-11, 2.94912254339e-11, 1.32552996357e-11, 7.99725563549e-12],
        "dvar2": [0.000169191509485, 6.24936656095e-05, 1.0821365322e-05, 1.17500508168e-06, 4.92223591664e-07, 2.1004706241e-07, 3.08573817165e-07, 1.05665826311e-07, 5.25795258e-07, 3.36977393545e-07, 1.66970366422e-07, 6.12044289028e-07, 1.01152359377e-07, 2.96954976164e-08, 8.59452526925e-08, 4.14874428145e-08, 2.60893884274e-08, 1.09456594899e-08, 1.64014988258e-08, 1.28895818463e-08, 1.46105116894e-09, 1.24396803969e-09, 2.39061903606e-09, 8.11227307551e-10, 3.70431907371e-10, 3.73403891141e-10, 5.30808452748e-10, 6.25233753659e-10, 9.8371567836e-11, 1.0409136747e-10, 9.03111960215e-11, 8.13363335017e-11, 7.82167872138e-11, 1.23234061844e-10, 1.32775568318e-10, 1.10538626863e-10, 9.57033202686e-11, 6.55437787378e-11, 2.74563288771e-11, 1.71027757928e-11],
        "max": [0.0979888215661, 0.0470454059541, 0.0267958007753, 0.00985983945429, 0.00711718248203, 0.00326863187365, 0.0064414399676, 0.00650109443814, 0.0105812335387, 0.0150999287143, 0.00670385546982, 0.0130496323109, 0.00640817685053, 0.00294037628919, 0.00665172934532, 0.00367805827409, 0.00320183066651, 0.00165173562709, 0.00316304434091, 0.0020449263975, 0.000862663029693, 0.000727176258806, 0.00101053691469, 0.000400907505536, 0.00054493418429, 0.00031374336686, 0.000479953014292, 0.000331875053234, 0.000304851564579, 0.000356240750989, 0.000319441081956, 0.000121403405501, 0.000136835282319, 0.000138357252581, 0.000182457559276, 0.000189933853108, 0.000167835503817, 0.000130039232317, 8.09932462289e-05, 7.94080042397e-05],
        "mean": [0.007085070014, 0.00222543836571, 0.000504271127284, 0.000337500416208, 0.000276392500382, 0.0001432573481, 0.00021879056294, 0.00022661309049, 0.000265590351773, 0.000282556953607, 0.000222552582272, 0.000296228739899, 0.000150391933857, 5.18707747688e-05, 6.93290203344e-05, 5.70063384657e-05, 5.75891535846e-05, 3.73785078409e-05, 5.25012146682e-05, 3.24262909999e-05, 1.62011547218e-05, 1.52128905029e-05, 1.91641793208e-05, 1.35113577926e-05, 7.93501658336e-06, 6.48564900985e-06, 9.14811244002e-06, 8.92967364052e-06, 4.1980183596e-06, 3.22200321534e-06, 3.40221890838e-06, 3.31319870384e-06, 2.99185944641e-06, 3.76467164642e-06, 4.55981262348e-06, 3.96372888645e-06, 3.25312839777e-06, 2.579688271e-06, 1.73125852143e-06, 1.4223251128e-06],
        "median": [0.0019592216704, 0.000635097618215, 0.000180153307156, 0.000124308920931, 0.000101003330201, 4.87463621539e-05, 4.467421968e-05, 6.20479258941e-05, 5.94545235799e-05, 3.81395584554e-05, 2.95594891213e-05, 2.07025259442e-05, 1.77514993993e-05, 9.12825089472e-06, 8.57278973854e-06, 8.31765646581e-06, 7.76302931627e-06, 6.75223873259e-06, 9.49257992033e-06, 5.35309118277e-06, 4.65826906293e-06, 4.12286863138e-06, 3.59909154213e-06, 2.93591165246e-06, 2.32517822951e-06, 1.67298026099e-06, 1.91820345208e-06, 1.30067110149e-06, 9.22117862956e-07, 7.02695047039e-07, 7.51613356442e-07, 7.70982978793e-07, 7.59801309869e-07, 8.42429926706e-07, 7.30414171812e-07, 5.60736793886e-07, 4.19568038978e-07, 2.87044372271e-07, 1.95870796915e-07, 1.63804457998e-07],
        "min": [1.37134159814e-23, 7.60891920712e-24, 1.1133496878e-23, 1.86781452206e-23, 1.19938348921e-23, 5.88556657383e-24, 1.15242788489e-23, 1.91175628329e-23, 4.79596625356e-24, 3.96263213152e-24, 1.82350286395e-24, 5.95169560022e-24, 1.21423332243e-23, 1.06282235796e-23, 1.62479471838e-23, 7.99403163472e-24, 6.14489591895e-24, 7.5724840885e-24, 6.95492827315e-24, 7.9801232281e-24, 2.1216617572e-23, 1.08604019101e-23, 1.27370586162e-23, 1.05399950093e-23, 6.42726394681e-24, 1.12281743861e-23, 1.28051097022e-23, 1.62373622482e-23, 1.23712527704e-23, 1.49198178083e-23, 9.75296031712e-24, 1.12132980471e-23, 1.11935299817e-23, 8.73189583787e-24, 8.08854032661e-24, 1.37731090861e-23, 1.28741334537e-23, 1.31251963254e-23, 7.02345346454e-24, 9.31340938731e-24],
        "var": [0.000266422546702, 3.03850956698e-05, 2.56685166278e-06, 4.24091297191e-07, 2.66774151214e-07, 7.70112933424e-08, 2.71136741503e-07, 1.91370574498e-07, 4.340975579e-07, 7.69046664573e-07, 3.84721232649e-07, 8.78232697232e-07, 1.75792038704e-07, 2.48352289844e-08, 7.98072150587e-08, 2.99733144971e-08, 3.18017718826e-08, 1.13942197899e-08, 1.58130948336e-08, 9.83035608471e-09, 1.37446154458e-09, 1.15651177524e-09, 2.04424321915e-09, 8.56257120763e-10, 3.91176480097e-10, 2.50703902083e-10, 5.55649359857e-10, 5.47146827845e-10, 1.37923991672e-10, 1.22930679525e-10, 1.06169011083e-10, 7.43561254235e-11, 5.96935695318e-11, 1.01909689021e-10, 1.28536098432e-10, 1.14573385501e-10, 8.98653998438e-11, 5.12881334624e-11, 2.37513533147e-11, 1.48480863021e-11]
    },
    "mfcc": {
        "mean": [-681.090515137, 128.499694824, 9.36285209656, 15.84233284, 9.91906738281, 6.85335683823, 2.60843443871, 11.0009727478, 5.50213718414, 13.483083725, 2.27475500107, 2.77240133286, 2.42807435989],
        "cov": [[12741.2646484, -3083.4074707, -312.914215088, -206.244384766, -451.660217285, 116.057014465, -189.069152832, 437.258422852, -19.210144043, 77.7537994385, 73.2382965088, 36.5194282532, 45.0886192322], [-3083.4074707, 2597.01855469, -567.49786377, 188.200134277, 360.76272583, 30.2420215607, 296.61920166, -101.931152344, 24.576177597, 88.0427627563, -5.39505386353, 21.8678703308, 91.7615432739], [-312.914215088, -567.49786377, 1186.85083008, 26.5047912598, 102.56880188, 100.240638733, -28.810585022, 16.4630088806, 19.7794570923, -21.2695007324, 56.729549408, 47.1598014832, -16.0693016052], [-206.244384766, 188.200134277, 26.5047912598, 419.446716309, 121.280105591, 17.0491161346, 65.4758071899, -4.99064350128, 22.1516246796, 5.37218952179, -19.6406650543, 28.5812988281, 20.4469814301], [-451.660217285, 360.76272583, 102.56880188, 121.280105591, 292.40826416, 54.2271080017, 62.7349853516, -0.378626853228, 40.3615036011, 38.0161132812, 14.3237085342, 33.54504776, 27.734041214], [116.057014465, 30.2420215607, 100.240638733, 17.0491161346, 54.2271080017, 192.787414551, 81.5018005371, 11.7770233154, 12.2328910828, 23.9372615814, 19.8124847412, 22.8720340729, 15.2679586411], [-189.069152832, 296.61920166, -28.810585022, 65.4758071899, 62.7349853516, 81.5018005371, 220.80581665, 14.2544689178, -4.45979213715, 27.4578056335, -13.3233470917, 9.29326629639, 34.8744277954], [437.258422852, -101.931152344, 16.4630088806, -4.99064350128, -0.378626853228, 11.7770233154, 14.2544689178, 141.792938232, 45.0954208374, 21.6574058533, 10.3853559494, -0.917980313301, 9.11805820465], [-19.210144043, 24.576177597, 19.7794570923, 22.1516246796, 40.3615036011, 12.2328910828, -4.45979213715, 45.0954208374, 126.660499573, 50.4010009766, 22.2545719147, 4.60744714737, -1.28567433357], [77.7537994385, 88.0427627563, -21.2695007324, 5.37218952179, 38.0161132812, 23.9372615814, 27.4578056335, 21.6574058533, 50.4010009766, 129.777206421, 46.9608078003, 6.41618537903, 7.40267324448], [73.2382965088, -5.39505386353, 56.729549408, -19.6406650543, 14.3237085342, 19.8124847412, -13.3233470917, 10.3853559494, 22.2545719147, 46.9608078003, 119.416259766, 42.3252449036, 6.44601345062], [36.5194282532, 21.8678703308, 47.1598014832, 28.5812988281, 33.54504776, 22.8720340729, 9.29326629639, -0.917980313301, 4.60744714737, 6.41618537903, 42.3252449036, 95.041595459, 27.2706680298], [45.0886192322, 91.7615432739, -16.0693016052, 20.4469814301, 27.734041214, 15.2679586411, 34.8744277954, 9.11805820465, -1.28567433357, 7.40267324448, 6.44601345062, 27.2706680298, 86.6560592651]],
