
metadata:
    version:
        essentia: "2.1-beta2"
    audio_properties:
        analysis_sample_rate: 44100
        bitrate: 1444
        channels: 2
        equal_loudness: 1
        length: 370.706665039
        replay_gain: -12.5321807861
        downmix: "mix"
    tags:
        album: ""
        artist: ""
        comment: ""
        date: ""
        genre: ""
        title: ""
        tracknumber: ""

configuration:
    average_loudness:
        compute: 1
        frameSize: 88200
        hopSize: 44100
        silentFrames: "noise"
        windowType: "hann"
    general:
        analysisSampleRate: 44100
        endTime: 2000
        equalLoudness: 1
        nequalLoudness: 0
        shortSound: 0
        startTime: 0
    lowlevel:
        compute: 1
        frameSize: 2048
        hopSize: 1024
        zeroPadding: 0
        silentFrames: "noise"
        windowType: "blackmanharris62"
        mfccStats: ["mean", "cov", "icov"]
        stats: ["mean", "var", "median", "min", "max", "dmean", "dmean2", "dvar", "dvar2"]
    panning:
        compute: 0
        frameSize: 8192
        hopSize: 2048
        zeroPadding: 8192
        silentFrames: "noise"
        windowType: "hann"
        stats: ["copy"]
    rhythm:
        compute: 1
        maxTempo: 208
        minTempo: 40
        method: "degara"
        stats: ["mean", "var", "median", "min", "max", "dmean", "dmean2", "dvar", "dvar2"]
    segmentation:
        compute: 0
        cpw: 5
        inc1: 300
        inc2: 50
        minimumSegmentsLength: 10
        size1: 1000
        size2: 600
    sfx:
        compute: 1
        stats: ["mean", "var", "median", "min", "max", "dmean", "dmean2", "dvar", "dvar2"]
    svm:
        compute: 0
    tonal:
        compute: 1
        frameSize: 4096
        hopSize: 2048
        zeroPadding: 0
        silentFrames: "noise"
        windowType: "blackmanharris62"
        stats: ["mean", "var", "median", "min", "max", "dmean", "dmean2", "dvar", "dvar2"]

lowlevel:
    average_loudness: 0.470009535551
    barkbands_kurtosis:
        dmean: 0.883607685566
        dmean2: 1.36334967613
        dvar: 1.66042244434
        dvar2: 3.82816290855
        max: 37.2161178589
        mean: 0.204479172826
        median: -0.475394010544
        min: -1.90504992008
        var: 4.72217226028
    barkbands_skewness:
        dmean: 0.363524645567
        dmean2: 0.533085584641
        dvar: 0.126078024507
        dvar2: 0.26293438673
        max: 4.62161493301
        mean: 0.577202558517
        median: 0.696244180202
        min: -5.44791221619
        var: 1.00423240662
    barkbands_spread:
        dmean: 3.94984507561
        dmean2: 6.04322481155
        dvar: 14.8463563919
        dvar2: 32.975276947
        max: 61.5269546509
        mean: 23.9223537445
        median: 23.3485832214
        min: 1.48398375511
        var: 65.5678939819
    dissonance:
        dmean: 0.0175039507449
        dmean2: 0.0290535930544
        dvar: 0.000299011560855
        dvar2: 0.000804182316642
        max: 0.500000059605
        mean: 0.461310178041
        median: 0.466576933861
        min: 0.0767696797848
        var: 0.000678160751704
    hfc:
        dmean: 1.59235644341
        dmean2: 2.15662527084
        dvar: 8.62772083282
        dvar2: 15.6256303787
        max: 91.9931564331
        mean: 6.3389005661
        median: 3.84175753593
        min: 1.07598376914e-16
        var: 56.5773696899
    pitch:
        dmean: 312.721038818
        dmean2: 599.500976562
        dvar: 747558.625
        dvar2: 1959334.375
        max: 5174.37744141
        mean: 525.561950684
        median: 261.854705811
        min: 64.7320022583
        var: 870132.5625
    pitch_instantaneous_confidence:
        dmean: 0.0762578994036
        dmean2: 0.114361211658
        dvar: 0.00607031211257
        dvar2: 0.0121253039688
        max: 0.964661359787
        mean: 0.505707859993
        median: 0.459155738354
        min: 0.0940199494362
        var: 0.041672565043
    pitch_salience:
        dmean: 0.0551455318928
        dmean2: 0.0861204192042
        dvar: 0.00237080943771
        dvar2: 0.00558958016336
        max: 0.940953791142
        mean: 0.618798792362
        median: 0.631970465183
        min: 0.174236476421
        var: 0.0104321846738
    silence_rate_20dB:
        dmean: 0
        dmean2: 0
        dvar: 0
        dvar2: 0
        max: 1
        mean: 1
        median: 1
        min: 1
        var: 0
    silence_rate_30dB:
        dmean: 0
        dmean2: 0
        dvar: 0
        dvar2: 0
        max: 1
        mean: 1
        median: 1
        min: 1
        var: 0
    silence_rate_60dB:
        dmean: 0.102342478931
        dmean2: 0.204697772861
        dvar: 0.0918801873922
        dvar2: 0.184238374233
        max: 1
        mean: 0.455752491951
        median: 0
        min: 0
        var: 0.248058572412
    spectral_centroid:
        dmean: 207.515960693
        dmean2: 308.983001709
        dvar: 65227.6914062
        dvar2: 135755.484375
        max: 11699.2177734
        mean: 1437.43017578
        median: 1245.62878418
        min: 92.1639175415
        var: 861743.6875
    spectral_complexity:
        dmean: 2.18877625465
        dmean2: 3.38026928902
        dvar: 5.11494588852
        dvar2: 10.5380086899
        max: 41
        mean: 10.6240997314
        median: 10
        min: 0
        var: 23.9633808136
    spectral_crest:
        dmean: 1.85013175011
        dmean2: 2.90906715393
        dvar: 3.1975812912
        dvar2: 7.8192152977
        max: 23.8440341949
        mean: 8.25580501556
        median: 7.34432029724
        min: 2.38272666931
        var: 12.4363508224
    spectral_decrease:
        dmean: 1.79978115744e-10
        dmean2: 2.55032439611e-10
        dvar: 5.05479377144e-20
        dvar2: 9.45529866435e-20
        max: 1.54812171164e-28
        mean: -9.30015897627e-10
        median: -8.20277068492e-10
        min: -5.83439607738e-09
        var: 3.53745184826e-19
    spectral_energy:
        dmean: 0.000800379260909
        dmean2: 0.00112147827167
        dvar: 1.14114538974e-06
        dvar2: 2.09864333556e-06
        max: 0.030364414677
        mean: 0.00408505974337
        median: 0.00345652550459
        min: 1.01998025747e-20
        var: 8.08521872386e-06
    spectral_energyband_high:
        dmean: 9.24038467929e-05
        dmean2: 0.000137239127071
        dvar: 3.85401541791e-08
        dvar2: 7.06852816279e-08
        max: 0.0081579554826
        mean: 0.000217303648242
        median: 0.000105285187601
        min: 7.0646248788e-21
        var: 1.39466109772e-07
    spectral_energyband_low:
        dmean: 3.41749291692e-05
        dmean2: 5.75118137931e-05
        dvar: 2.5292115069e-09
        dvar2: 6.81171696826e-09
        max: 0.00102489336859
        mean: 5.39439533895e-05
        median: 3.51398557541e-05
        min: 1.32893354028e-23
        var: 3.71850639169e-09
    spectral_energyband_middle_high:
        dmean: 0.000508857832756
        dmean2: 0.000696598086506
        dvar: 7.9527529806e-07
        dvar2: 1.47011166973e-06
        max: 0.0284948665649
        mean: 0.00185786641669
        median: 0.000973818241619
        min: 1.15777012983e-21
        var: 5.22835307493e-06
    spectral_energyband_middle_low:
        dmean: 0.00050316384295
        dmean2: 0.000744190125261
        dvar: 3.31956584887e-07
        dvar2: 7.10519259428e-07
        max: 0.00836384203285
        mean: 0.00203104456887
        median: 0.00177639885806
        min: 1.86098472211e-22
        var: 1.73683099547e-06
    spectral_flatness_db:
        dmean: 0.0157362241298
        dmean2: 0.0236885193735
        dvar: 0.0002160481381
        dvar2: 0.000453252636362
        max: 0.325339376926
        mean: 0.177442997694
        median: 0.177243635058
        min: 0.0453339368105
        var: 0.00107340037357
    spectral_flux:
        dmean: 0.00783982593566
        dmean2: 0.0114622684196
        dvar: 7.74208383518e-05
        dvar2: 0.000174572196556
        max: 0.130863368511
        mean: 0.0326727442443
        median: 0.0282359477133
        min: 6.24359799972e-11
        var: 0.00032786859083
    spectral_kurtosis:
        dmean: 1.24158465862
        dmean2: 2.11375141144
        dvar: 1.36623728275
        dvar2: 3.91082763672
        max: 20.3685283661
        mean: 4.32611370087
        median: 4.1565823555
        min: -1.23617351055
        var: 3.5663599968
    spectral_rms:
        dmean: 0.000194721083972
        dmean2: 0.000269863230642
        dvar: 5.10078486116e-08
        dvar2: 8.77763142171e-08
        max: 0.00544277671725
        mean: 0.00187314359937
        median: 0.00183636054862
        min: 3.15452481844e-12
        var: 4.7673285053e-07
    spectral_rolloff:
        dmean: 454.308410645
        dmean2: 737.117004395
        dvar: 312744.5625
        dvar2: 685189.375
        max: 19530.6152344
        mean: 2706.81347656
        median: 2713.18359375
        min: 129.19921875
        var: 2384613.75
    spectral_skewness:
        dmean: 0.1756388098
        dmean2: 0.283987104893
        dvar: 0.0250712037086
        dvar2: 0.0612713694572
        max: 3.53298687935
        mean: 1.55837953091
        median: 1.56979501247
        min: -0.0929683148861
        var: 0.12176784873
    spectral_spread:
        dmean: 541222.4375
        dmean2: 827706
        dvar: 553929474048
        dvar2: 1.14673634509e+12
        max: 42674760
        mean: 4594400.5
        median: 4096822.75
        min: 2057834.25
        var: 8.61047567155e+12
    spectral_strongpeak:
        dmean: 0.438309431076
        dmean2: 0.69743514061
        dvar: 0.675923585892
        dvar2: 1.44968295097
        max: 19.3063011169
        mean: 1.07095038891
        median: 0.462178319693
        min: 0
        var: 2.98796725273
    zerocrossingrate:
        dmean: 0.0079388981685
        dmean2: 0.00924177374691
        dvar: 6.57606506138e-05
        dvar2: 7.67754900153e-05
        max: 0.52001953125
        mean: 0.0829016342759
        median: 0.076171875
        min: 0.02392578125
        var: 0.00168644101359
    barkbands:
        dmean: [4.83241713312e-09, 3.2573759654e-06, 1.75538680196e-05, 5.16089057783e-05, 0.000190536142327, 0.000135870563099, 0.000163416858413, 0.000222276721615, 0.000129397682031, 8.91618838068e-05, 4.49130820925e-05, 4.18830095441e-05, 5.08585726493e-05, 5.18870037922e-05, 7.17667717254e-05, 8.51030054037e-05, 0.000119805175927, 0.000197664427105, 0.00011909501336, 9.61777841439e-05, 4.07956758863e-05, 1.17901790873e-05, 3.1942743135e-06, 1.73327657649e-06, 6.94415916769e-07, 7.25638642507e-08, 2.72840500193e-10]
        dmean2: [7.57198304058e-09, 5.61168189961e-06, 2.96157377306e-05, 8.68601564434e-05, 0.00030542362947, 0.000212308092159, 0.000247283722274, 0.000316779507557, 0.000185288692592, 0.000129585983814, 6.07868350926e-05, 6.23739470029e-05, 7.46542500565e-05, 7.73355277488e-05, 0.000110144930659, 0.000129475694848, 0.000179251044756, 0.000282012944808, 0.00017625313194, 0.000146871956531, 6.10347051406e-05, 1.81846025953e-05, 4.74808439321e-06, 2.66705774266e-06, 1.06844629499e-06, 1.22106783351e-07, 4.82812845259e-10]
        dvar: [9.35333551202e-17, 4.7948641585e-11, 8.08502043093e-10, 5.71166625107e-09, 6.9971328287e-08, 4.92216862824e-08, 9.6818077111e-08, 1.65741340652e-07, 1.00863161379e-07, 3.3468303684e-08, 1.52026817801e-08, 9.5800070099e-09, 1.64953171122e-08, 2.00412486606e-08, 3.38987327098e-08, 5.23388585805e-08, 7.59134408668e-08, 3.25315824057e-07, 9.45890974435e-08, 4.2397214628e-08, 1.11602433961e-08, 1.05580888476e-09, 1.35506758592e-10, 2.63969974351e-11, 5.00489753807e-12, 6.21716016885e-14, 3.36286374775e-19]
        dvar2: [2.13898000857e-16, 1.34078997904e-10, 2.22617835277e-09, 1.56216728442e-08, 1.72303685986e-07, 1.1563268032e-07, 2.07980590972e-07, 3.09062926362e-07, 1.88562466974e-07, 6.44913455972e-08, 2.2950375822e-08, 1.88502617959e-08, 3.07435286118e-08, 3.90008558782e-08, 7.45146735426e-08, 1.12596666213e-07, 1.50100404994e-07, 6.44711008135e-07, 1.67080386859e-07, 9.29070793632e-08, 2.26736585063e-08, 2.31664842865e-09, 2.64049365706e-10, 5.42256482772e-11, 1.01845693337e-11, 1.6455178962e-13, 9.40201401573e-19]
        max: [1.52495857719e-07, 0.000161481904797, 0.000723331002519, 0.00121032225434, 0.00649689696729, 0.00580960744992, 0.00616185134277, 0.00806143134832, 0.00713157188147, 0.00562355760485, 0.00376990088262, 0.00329723628238, 0.00395549274981, 0.00364781660028, 0.00468407059088, 0.00526327127591, 0.00904870964587, 0.0244913101196, 0.0184507537633, 0.00887964386493, 0.00383135280572, 0.00136055843905, 0.000440434378106, 0.000207173070521, 0.000106149876956, 6.99116435499e-06, 1.52850958557e-08]
        mean: [6.02791994098e-09, 4.53452003057e-06, 2.50918819802e-05, 8.07236574474e-05, 0.000440461066319, 0.000313277443638, 0.00030678184703, 0.000511043297593, 0.000287589675281, 0.00017789422418, 0.000103346668766, 7.0747177233e-05, 0.000100803765235, 8.81213491084e-05, 0.000125148391817, 0.000145041311043, 0.000260597415036, 0.000431985332398, 0.000285839720163, 0.000204533105716, 9.02844039956e-05, 2.14287374547e-05, 5.70703377889e-06, 2.80542440123e-06, 1.18845741781e-06, 7.28620790369e-08, 2.66399069471e-10]
        median: [1.42845180129e-09, 2.21887603402e-06, 1.40491529237e-05, 4.8664456699e-05, 0.000319927901728, 0.000201890725293, 0.000183968164492, 0.000235321160289, 9.4282295322e-05, 8.01522546681e-05, 2.13503408304e-05, 2.82392466033e-05, 2.8842179745e-05, 2.51244637184e-05, 4.60916307929e-05, 4.55377376056e-05, 9.41427133512e-05, 9.26849170355e-05, 0.000116504961625, 0.000103399615909, 3.02439930238e-05, 8.24113885756e-06, 2.05426476896e-06, 1.01267642094e-06, 3.02094974813e-07, 8.60672777492e-09, 1.03184259748e-10]
        min: [4.48502233106e-25, 1.3390458299e-24, 1.2883520504e-24, 5.05496546039e-25, 6.12275811537e-24, 1.03109326794e-23, 2.81150854925e-24, 5.79367216698e-24, 3.9304391124e-24, 1.95512343824e-23, 1.41524580959e-23, 1.56729401591e-23, 1.91546108964e-23, 2.7908371592e-23, 3.5533381195e-23, 6.08206961651e-23, 6.98242054901e-23, 1.0692253526e-22, 1.3267119502e-22, 1.74720725064e-22, 2.49492571489e-22, 2.6411242336e-22, 4.45476493206e-22, 5.99634302909e-22, 9.67805456629e-22, 1.34018698188e-21, 0]
        var: [1.43588482588e-16, 4.95303416337e-11, 1.1426547486e-09, 9.50767731211e-09, 1.83310064017e-07, 1.535900509e-07, 2.03680826871e-07, 6.87191629822e-07, 5.23771234384e-07, 1.18345255373e-07, 8.64614477791e-08, 2.32652901389e-08, 6.45645243935e-08, 5.32138457743e-08, 6.80187071112e-08, 1.10700916878e-07, 3.30351298317e-07, 1.29582826958e-06, 5.52066978798e-07, 1.31187050556e-07, 3.78743756357e-08, 2.28362417865e-09, 3.27094490382e-10, 5.67689679987e-11, 1.37467962361e-11, 5.77669693764e-14, 2.90295081018e-19]
    frequency_bands:
        dmean: [4.83241713312e-09, 3.2573759654e-06, 1.75538680196e-05, 5.16089057783e-05, 0.000190536142327, 0.000135870563099, 0.000163416858413, 0.000222276721615, 0.000129397682031, 8.91618838068e-05, 4.49130820925e-05, 4.18830095441e-05, 5.08585726493e-05, 5.18870037922e-05, 7.17667717254e-05, 8.51030054037e-05, 0.000119805175927, 0.000197664427105, 0.00011909501336, 9.61777841439e-05, 4.07956758863e-05, 1.17901790873e-05, 3.1942743135e-06, 1.73327657649e-06, 6.94415916769e-07, 7.25638642507e-08, 2.72830286141e-10, 4.48239570461e-11]
        dmean2: [7.57198304058e-09, 5.61168189961e-06, 2.96157377306e-05, 8.68601564434e-05, 0.00030542362947, 0.000212308092159, 0.000247283722274, 0.000316779507557, 0.000185288692592, 0.000129585983814, 6.07868350926e-05, 6.23739470029e-05, 7.46542500565e-05, 7.73355277488e-05, 0.000110144930659, 0.000129475694848, 0.000179251044756, 0.000282012944808, 0.00017625313194, 0.000146871956531, 6.10347051406e-05, 1.81846025953e-05, 4.74808439321e-06, 2.66705774266e-06, 1.06844629499e-06, 1.22106783351e-07, 4.82793194312e-10, 8.31726215678e-11]
        dvar: [9.35333551202e-17, 4.7948641585e-11, 8.08502043093e-10, 5.71166625107e-09, 6.9971328287e-08, 4.92216862824e-08, 9.6818077111e-08, 1.65741340652e-07, 1.00863161379e-07, 3.3468303684e-08, 1.52026817801e-08, 9.5800070099e-09, 1.64953171122e-08, 2.00412486606e-08, 3.38987327098e-08, 5.23388585805e-08, 7.59134408668e-08, 3.25315824057e-07, 9.45890974435e-08, 4.2397214628e-08, 1.11602433961e-08, 1.05580888476e-09, 1.35506758592e-10, 2.63969974351e-11, 5.00489753807e-12, 6.21716016885e-14, 3.36289166509e-19, 4.88720277881e-21]
        dvar2: [2.13898000857e-16, 1.34078997904e-10, 2.22617835277e-09, 1.56216728442e-08, 1.72303685986e-07, 1.1563268032e-07, 2.07980590972e-07, 3.09062926362e-07, 1.88562466974e-07, 6.44913455972e-08, 2.2950375822e-08, 1.88502617959e-08, 3.07435286118e-08, 3.90008558782e-08, 7.45146735426e-08, 1.12596666213e-07, 1.50100404994e-07, 6.44711008135e-07, 1.67080386859e-07, 9.29070793632e-08, 2.26736585063e-08, 2.31664842865e-09, 2.64049365706e-10, 5.42256482772e-11, 1.01845693337e-11, 1.6455178962e-13, 9.402130855e-19, 1.55077817913e-20]
        max: [1.52495857719e-07, 0.000161481904797, 0.000723331002519, 0.00121032225434, 0.00649689696729, 0.00580960744992, 0.00616185134277, 0.00806143134832, 0.00713157188147, 0.00562355760485, 0.00376990088262, 0.00329723628238, 0.00395549274981, 0.00364781660028, 0.00468407059088, 0.00526327127591, 0.00904870964587, 0.0244913101196, 0.0184507537633, 0.00887964386493, 0.00383135280572, 0.00136055843905, 0.000440434378106, 0.000207173070521, 0.000106149876956, 6.99116435499e-06, 1.52850958557e-08, 8.29520785395e-10]
        mean: [6.02791994098e-09, 4.53452003057e-06, 2.50918819802e-05, 8.07236574474e-05, 0.000440461066319, 0.000313277443638, 0.00030678184703, 0.000511043297593, 0.000287589675281, 0.00017789422418, 0.000103346668766, 7.0747177233e-05, 0.000100803765235, 8.81213491084e-05, 0.000125148391817, 0.000145041311043, 0.000260597415036, 0.000431985332398, 0.000285839720163, 0.000204533105716, 9.02844039956e-05, 2.14287374547e-05, 5.70703377889e-06, 2.80542440123e-06, 1.18845741781e-06, 7.28620790369e-08, 2.66404176497e-10, 3.51043985547e-11]
        median: [1.42845180129e-09, 2.21887603402e-06, 1.40491529237e-05, 4.8664456699e-05, 0.000319927901728, 0.000201890725293, 0.000183968164492, 0.000235321160289, 9.4282295322e-05, 8.01522546681e-05, 2.13503408304e-05, 2.82392466033e-05, 2.8842179745e-05, 2.51244637184e-05, 4.60916307929e-05, 4.55377376056e-05, 9.41427133512e-05, 9.26849170355e-05, 0.000116504961625, 0.000103399615909, 3.02439930238e-05, 8.24113885756e-06, 2.05426476896e-06, 1.01267642094e-06, 3.02094974813e-07, 8.60672777492e-09, 1.03184259748e-10, 1.19475089544e-11]
        min: [4.48502233106e-25, 1.3390458299e-24, 1.2883520504e-24, 5.05496546039e-25, 6.12275811537e-24, 1.03109326794e-23, 2.81150854925e-24, 5.79367216698e-24, 3.9304391124e-24, 1.95512343824e-23, 1.41524580959e-23, 1.56729401591e-23, 1.91546108964e-23, 2.7908371592e-23, 3.5533381195e-23, 6.08206961651e-23, 6.98242054901e-23, 1.0692253526e-22, 1.3267119502e-22, 1.74720725064e-22, 2.49492571489e-22, 2.6411242336e-22, 4.45476493206e-22, 5.99634302909e-22, 9.67805456629e-22, 1.34018698188e-21, 1.81761711278e-21, 4.67170698214e-22]
        var: [1.43588482588e-16, 4.95303416337e-11, 1.1426547486e-09, 9.50767731211e-09, 1.83310064017e-07, 1.535900509e-07, 2.03680826871e-07, 6.87191629822e-07, 5.23771234384e-07, 1.18345255373e-07, 8.64614477791e-08, 2.32652901389e-08, 6.45645243935e-08, 5.32138457743e-08, 6.80187071112e-08, 1.10700916878e-07, 3.30351298317e-07, 1.29582826958e-06, 5.52066978798e-07, 1.31187050556e-07, 3.78743756357e-08, 2.28362417865e-09, 3.27094490382e-10, 5.67689679987e-11, 1.37467962361e-11, 5.77669693764e-14, 2.90292832121e-19, 3.94080960724e-21]
    mfcc:
        mean: [-737.156555176, 114.006828308, -52.417011261, 39.7925262451, -27.8687744141, -25.0455284119, -16.7752552032, -13.6818990707, -12.3573160172, -7.58917427063, -9.64889717102, -6.84128189087, -9.83485794067]
        cov: [[4416.58251953, 360.866577148, -570.608581543, 218.814239502, -193.240188599, -106.894264221, -112.507278442, 16.8931808472, -42.2730865479, -28.3128757477, -6.08496713638, -14.4506225586, -88.3972549438], [360.866577148, 940.393249512, -119.669967651, 53.462928772, -43.2027206421, -33.5659942627, 0.250884175301, 4.45498514175, -17.1791591644, 10.8764486313, -26.4611339569, -27.6512718201, 20.8847312927], [-570.608581543, -119.669967651, 438.444885254, -39.5764122009, 33.6536903381, 30.5965862274, -20.1522598267, 29.9563083649, -9.63949298859, 6.53452062607, -3.73140478134, 1.81245410442, 33.883808136], [218.814239502, 53.462928772, -39.5764122009, 286.18737793, 35.91147995, -59.9623832703, -31.8580474854, -34.3154830933, 26.4759025574, -16.6486759186, -22.3744716644, 10.9297609329, 4.45871114731], [-193.240188599, -43.2027206421, 33.6536903381, 35.91147995, 160.606750488, -5.72349452972, -25.6460113525, 6.5641708374, 30.9357223511, 5.44609975815, -0.0266362223774, 8.50651931763, 9.90798187256], [-106.894264221, -33.5659942627, 30.5965862274, -59.9623832703, -5.72349452972, 159.331512451, 51.4715995789, 19.4457416534, -14.3707818985, 7.25138378143, 25.7874546051, 2.31753587723, -0.0900052040815], [-112.507278442, 0.250884175301, -20.1522598267, -31.8580474854, -25.6460113525, 51.4715995789, 148.148681641, 16.7617359161, -9.02569580078, -6.94706058502, 20.9344711304, -3.724827528, 9.10531139374], [16.8931808472, 4.45498514175, 29.9563083649, -34.3154830933, 6.5641708374, 19.4457416534, 16.7617359161, 115.786811829, 10.8811311722, -6.39851999283, 8.75767803192, 5.93832206726, 10.4331874847], [-42.2730865479, -17.1791591644, -9.63949298859, 26.4759025574, 30.9357223511, -14.3707818985, -9.02569580078, 10.8811311722, 88.2275085449, 24.7848587036, -3.18732237816, -4.31459617615, 3.03796863556], [-28.3128757477, 10.8764486313, 6.53452062607, -16.6486759186, 5.44609975815, 7.25138378143, -6.94706058502, -6.39851999283, 24.7848587036, 92.9528503418, 23.4683513641, -4.39640712738, -6.25495672226], [-6.08496713638, -26.4611339569, -3.73140478134, -22.3744716644, -0.0266362223774, 25.7874546051, 20.9344711304, 8.75767803192, -3.18732237816, 23.4683513641, 91.076789856, 19.210193634, -9.04819774628], [-14.4506225586, -27.6512718201, 1.81245410442, 10.9297609329, 8.50651931763, 2.31753587723, -3.724827528, 5.93832206726, -4.31459617615, -4.39640712738, 19.210193634, 76.4488601685, 11.5347509384], [-88.3972549438, 20.8847312927, 33.883808136, 4.45871114731, 9.90798187256, -0.0900052040815, 9.10531139374, 10.4331874847, 3.03796863556, -6.25495672226, -9.04819774628, 11.5347509384, 78.6948928833]]
        icov: [[0.000325597764459, -4.00029275625e-05, 0.000391765584936, -0.000266168091912, 0.000374791532522, 4.42574355475e-06, 0.000362418213626, -0.000333052856149, 0.000218008863158, -1.21652556118e-05, -8.50686992635e-05, 8.85376575752e-05, 0.000145652680658], [-4.00029275625e-05, 0.00119605439249, 0.000308210990625, -0.000245059636654, 0.000211678663618, 0.000132859509904, -4.89050762553e-06, -0.000292570330203, 0.000489880272653, -0.000477005029097, 0.000275498459814, 0.000463374220999, -0.000561390188523], [0.000391765584936, 0.000308210990625, 0.00312830973417, -0.000134505855385, -5.46066348761e-06, -0.000460758164991, 0.00106557528488, -0.00105023593642, 0.000992461922579, -0.00047354734852, 0.000154965018737, 0.000432438770076, -0.00108648324385], [-0.000266168091912, -0.000245059636654, -0.000134505855385, 0.00453809648752, -0.00109779206105, 0.00105989840813, -9.61186597124e-05, 0.00155894388445, -0.00152793270536, 0.00109410565346, 0.000437292124843, -0.000929864181671, -0.000156762733241], [0.000374791532522, 0.000211678663618, -5.46066348761e-06, -0.00109779206105, 0.00767748290673, -0.00036801432725, 0.00155738799367, -0.000688401516527, -0.00201165769249, 0.000142827935633, -0.000463356729597, -0.00031600650982, -0.000544546928722], [4.42574355475e-06, 0.000132859509904, -0.000460758164991, 0.00105989840813, -0.00036801432725, 0.00793498102576, -0.00241515785456, -0.000601980544161, 0.00101587618701, -0.000584708584938, -0.00111208634917, -0.000108110783913, 0.000325000582961], [0.000362418213626, -4.89050762553e-06, 0.00106557528488, -9.61186597124e-05, 0.00155738799367, -0.00241515785456, 0.00882342550904, -0.00106094649527, 0.00014479571837, 0.00109953957144, -0.00187915249262, 0.00122807151638, -0.00143831386231], [-0.000333052856149, -0.000292570330203, -0.00105023593642, 0.00155894388445, -0.000688401516527, -0.000601980544161, -0.00106094649527, 0.0102403368801, -0.00257215322927, 0.00179051584564, -0.000792287639342, -0.00084026629338, -0.000807816104498], [0.000218008863158, 0.000489880272653, 0.000992461922579, -0.00152793270536, -0.00201165769249, 0.00101587618701, 0.00014479571837, -0.00257215322927, 0.0147368442267, -0.00466953683645, 0.00115561601706, 0.00118066882715, -0.000627429049928], [-1.21652556118e-05, -0.000477005029097, -0.00047354734852, 0.00109410565346, 0.000142827935633, -0.000584708584938, 0.00109953957144, 0.00179051584564, -0.00466953683645, 0.0136188231409, -0.00398924294859, 0.00103941769339, 0.00052328692982], [-8.50686992635e-05, 0.000275498459814, 0.000154965018737, 0.000437292124843, -0.000463356729597, -0.00111208634917, -0.00187915249262, -0.000792287639342, 0.00115561601706, -0.00398924294859, 0.0140807498246, -0.00392429670319, 0.00195185479242], [8.85376575752e-05, 0.000463374220999, 0.000432438770076, -0.000929864181671, -0.00031600650982, -0.000108110783913, 0.00122807151638, -0.00084026629338, 0.00118066882715, 0.00103941769339, -0.00392429670319, 0.0150821022689, -0.00277290074155], [0.000145652680658, -0.000561390188523, -0.00108648324385, -0.000156762733241, -0.000544546928722, 0.000325000582961, -0.00143831386231, -0.000807816104498, -0.000627429049928, 0.00052328692982, 0.00195185479242, -0.00277290074155, 0.0145357167348]]
    sccoeffs:
        dmean: [0.0494181141257, 0.0430426001549, 0.0370360389352, 0.0320632681251, 0.0233230162412, 0.0185015909374]
        dmean2: [0.0818010792136, 0.0688141956925, 0.0581653490663, 0.0505029298365, 0.0363619476557, 0.0291721411049]
        dvar: [0.00166940980125, 0.00130948878359, 0.000927362765651, 0.000715857488103, 0.000394271832192, 0.000281253567664]
        dvar2: [0.00445553101599, 0.00323298480362, 0.00218015140854, 0.00164438621141, 0.000884498818778, 0.000666672422085]
        max: [-0.295212268829, -0.448986113071, -0.474479138851, -0.529422104359, -0.545514702797, -0.618678092957]
        mean: [-0.56986194849, -0.722990572453, -0.738765001297, -0.751468896866, -0.763151586056, -0.762452960014]
        median: [-0.569220662117, -0.727913737297, -0.743699193001, -0.756841242313, -0.76910418272, -0.764198839664]
        min: [-0.994049966335, -0.980353593826, -0.975974202156, -0.978310525417, -0.975128531456, -0.965787053108]
        var: [0.00731266802177, 0.00569705711678, 0.00463724322617, 0.00372399226762, 0.00266701960936, 0.00159420166165]
    scvalleys:
        dmean: [0.424107700586, 0.319557666779, 0.319361031055, 0.274596452713, 0.220977917314, 0.309442937374]
        dmean2: [0.700083196163, 0.508138418198, 0.487326741219, 0.412493765354, 0.324892520905, 0.446327745914]
        dvar: [0.147140994668, 0.0774102732539, 0.0786862149835, 0.0614029765129, 0.0485684275627, 0.124170355499]
        dvar2: [0.346981525421, 0.175883546472, 0.158440470695, 0.117061823606, 0.0898405984044, 0.245079904795]
        max: [-6.11225509644, -4.77541923523, -5.17919683456, -6.15774869919, -5.76664495468, -7.34021520615]
        mean: [-8.21896648407, -6.5005273819, -7.43565034866, -7.878241539, -7.71114397049, -10.2763032913]
        median: [-7.95524072647, -6.27389192581, -7.24008178711, -7.68811750412, -7.53714561462, -10.1298465729]
        min: [-28.1165676117, -27.9479827881, -27.6954231262, -27.6616706848, -27.5261058807, -27.3984603882]
        var: [3.04130339622, 3.23164701462, 2.97119283676, 2.80901217461, 2.78406262398, 2.40286564827]

rhythm:
    beats_loudness:
        dmean: 0.00218073488213
        dmean2: 0.00364431389607
        dvar: 5.03746878167e-06
        dvar2: 1.29292375277e-05
        max: 0.0188216157258
        mean: 0.00505619077012
        median: 0.00446303607896
        min: 0
        var: 8.09728135209e-06
    bpm: 95.6398468018
    bpm_confidence: 0
    first_peak_bpm: 96
    first_peak_spread: 0.501748263836
    first_peak_weight: 0.483050853014
    onset_rate: 3.50681567192
    second_peak_bpm: 91
    second_peak_spread: 0
    second_peak_weight: 0.0101694911718
    beats_loudness_band_ratio:
        dmean: [0.0523609854281, 0.119788050652, 0.180776029825, 0.108048513532, 0.155393987894, 0.0805607065558]
        dmean2: [0.0916053578258, 0.201636478305, 0.316933184862, 0.188481286168, 0.271266698837, 0.14008526504]
        dvar: [0.00337629462592, 0.0117698200047, 0.021620053798, 0.0135074183345, 0.0195103175938, 0.00987669453025]
        dvar2: [0.00921778474003, 0.0320956110954, 0.0628863498569, 0.0362068414688, 0.0496228225529, 0.0298796165735]
        max: [0.476907849312, 0.870768487453, 0.872895777225, 0.740601718426, 0.900034844875, 0.780113041401]
        mean: [0.0606096126139, 0.188487827778, 0.314380526543, 0.124621741474, 0.238800406456, 0.124677449465]
        median: [0.0443255491555, 0.162804141641, 0.309212476015, 0.0827878043056, 0.190884292126, 0.0948432683945]
        min: [0, 0, 0, 0, 0, 0]
        var: [0.00352893187664, 0.0175611972809, 0.031146209687, 0.0158646274358, 0.026342343539, 0.0122978743166]
    beats_position: [0.568888902664, 1.14938771725, 1.74149656296, 2.34521532059, 2.96054410934, 3.5758728981, 4.20281171799, 4.82975053787, 5.44507932663, 6.06040811539, 6.68734693527, 7.31428575516, 7.94122457504, 8.56816291809, 9.18349170685, 9.79882049561, 10.4141492844, 11.0294780731, 11.6448068619, 12.2717456818, 12.8870744705, 13.5140132904, 14.1293420792, 14.7446708679, 15.3599996567, 15.9753284454, 16.602268219, 17.2292060852, 17.8329238892, 18.4482536316, 19.0635814667, 19.667301178, 20.2826309204, 20.8979587555, 21.5132884979, 22.128616333, 22.7439460754, 23.3592739105, 23.974603653, 24.5783214569, 25.1936511993, 25.8205890656, 26.4475269318, 27.0628566742, 27.6781845093, 28.2935142517, 28.897233963, 29.5125617981, 30.1162815094, 30.7199993134, 31.3469390869, 31.9738769531, 32.6008148193, 33.2277526855, 33.8546943665, 34.4700202942, 35.0853500366, 35.7122879028, 36.3392295837, 36.9545555115, 37.5814971924, 38.2084350586, 38.823764801, 39.4507026672, 40.0776405334, 40.6929702759, 41.3083000183, 41.9352378845, 42.5621757507, 43.1891136169, 43.8276634216, 44.4662132263, 45.0931510925, 45.7200889587, 46.347026825, 46.9739685059, 47.6009063721, 48.2394561768, 48.8780021667, 49.5049438477, 50.1318817139, 50.7472114563, 51.362537384, 52.0010871887, 52.6164169312, 53.2433547974, 53.8702926636, 54.485622406, 55.1009521484, 55.7278900146, 56.3432197571, 56.9585494995, 57.5738754272, 58.1892051697, 58.8045349121, 59.4082527161, 60.0235824585, 60.6389122009, 61.2658500671, 61.8811798096, 62.5081176758, 63.1466636658, 63.7736053467, 64.4005432129, 65.0274810791, 65.6544189453, 66.29296875, 66.9199066162, 67.5468444824, 68.1737823486, 68.8007278442, 69.4276657104, 70.0662155151, 70.7047576904, 71.3316955566, 71.9586410522, 72.5855789185, 73.2125167847, 73.8394546509, 74.4663925171, 75.0933303833, 75.7434921265, 76.3704299927, 76.9973678589, 77.6243057251, 78.2512435913, 78.8781814575, 79.5051269531, 80.1320648193, 80.7706069946, 81.4091567993, 82.0360946655, 82.6514282227, 83.2667541504, 83.8820877075, 84.4974136353, 85.1243515015, 85.7512893677, 86.3898391724, 87.0283889771, 87.6553268433, 88.2822647095, 88.9092025757, 89.5245361328, 90.151473999, 90.7784118652, 91.393737793, 92.0206756592, 92.6592254639, 93.2977752686, 93.9247131348, 94.551651001, 95.1902008057, 95.8171386719, 96.4440765381, 97.0826263428, 97.709564209, 98.3481140137, 98.9866638184, 99.625213623, 100.263763428, 100.913917542, 101.540863037, 102.167800903, 102.806350708, 103.444892883, 104.083442688, 104.721992493, 105.360542297, 106.010704041, 106.649246216, 107.276191711, 107.903129578, 108.530067444, 109.15700531, 109.783943176, 110.422492981, 111.061042786, 111.687980652, 112.314918518, 112.941856384, 113.56879425, 114.195732117, 114.822669983, 115.449615479, 116.076553345, 116.715103149, 117.353645325, 117.98059082, 118.607528687, 119.2576828, 119.896232605, 120.53478241, 121.161720276, 121.788658142, 122.415596008, 123.042533875, 123.66947937, 124.296417236, 124.923355103, 125.550292969, 126.177230835, 126.804168701, 127.442718506, 128.081268311, 128.719818115, 129.35836792, 129.985305786, 130.612243652, 131.250793457, 131.877731323, 132.516281128, 133.154830933, 133.793380737, 134.420318604, 135.04725647, 135.685806274, 136.324356079, 136.962905884, 137.601455688, 138.228393555, 138.855331421, 139.493881226, 140.120819092, 140.747756958, 141.374694824, 141.990020752, 142.60534668, 143.232284546, 143.870834351, 144.509384155, 145.136322021, 145.751647949, 146.378585815, 147.005523682, 147.632461548, 148.259414673, 148.886352539, 149.513290405, 150.15184021, 150.778778076, 151.417327881, 152.044265747, 152.682815552, 153.309753418, 153.936691284, 154.56362915, 155.178955078, 155.805892944, 156.432830811, 157.059768677, 157.686706543, 158.313644409, 158.940582275, 159.555908203, 160.17124939, 160.798187256, 161.425125122, 162.052062988, 162.679000854, 163.305938721, 163.932876587, 164.559814453, 165.186752319, 165.813690186, 166.440628052, 167.067565918, 167.694503784, 168.32144165, 168.948379517, 169.575332642, 170.202270508, 170.840820312, 171.479354858, 172.106307983, 172.73324585, 173.360183716, 173.987121582, 174.625671387, 175.264221191, 175.891159058, 176.518096924, 177.14503479, 177.771972656, 178.398910522, 179.01423645, 179.629562378, 180.233291626, 180.837005615, 181.463943481, 182.079269409, 182.706207275, 183.34475708, 183.983306885, 184.621856689, 185.272018433, 185.910568237, 186.549118042, 187.187667847, 187.826202393, 188.464752197, 189.103302002, 189.730239868, 190.357177734, 190.995727539, 191.622665405, 192.24961853, 192.899765015, 193.538314819, 194.165252686, 194.80380249, 195.453964233, 196.092514038, 196.731063843, 197.369613647, 198.008163452, 198.646713257, 199.273651123, 199.900588989, 200.527526855, 201.154464722, 201.769790649, 202.385116577, 203.012054443, 203.63899231, 204.265930176, 204.892883301, 205.519821167, 206.169967651, 206.808517456, 207.458679199, 208.097229004, 208.72416687, 209.351104736, 209.978042603, 210.604980469, 211.255142212, 211.893692017, 212.532241821, 213.170791626, 213.809341431, 214.447891235, 215.08644104, 215.713378906, 216.351928711, 216.990478516, 217.62902832, 218.267562866, 218.906112671, 219.544662476, 220.171600342, 220.798538208, 221.425476074, 222.040817261, 222.656143188, 223.283081055, 223.921630859, 224.560180664, 225.18711853, 225.814056396, 226.452606201, 227.091156006, 227.706481934, 228.3334198, 228.948745728, 229.575683594, 230.20262146, 230.829559326, 231.444900513, 232.083435059, 232.710388184, 233.33732605, 233.964263916, 234.591201782, 235.218139648, 235.856689453, 236.483627319, 237.122177124, 237.760726929, 238.399276733, 239.037811279, 239.676361084, 240.30329895, 240.941848755, 241.58039856, 242.207336426, 242.834274292, 243.449615479, 244.088165283, 244.715103149, 245.342041016, 245.968978882, 246.595916748, 247.222854614, 247.84979248, 248.488342285, 249.12689209, 249.753829956, 250.380767822, 251.007705688, 251.623031616, 252.249969482, 252.86529541, 253.492233276, 254.107574463, 254.734512329, 255.349838257, 255.976776123, 256.603729248, 257.230651855, 257.85760498, 258.472930908, 259.099853516, 259.715179443, 260.342132568, 260.969055176, 261.596008301, 262.222930908, 262.838256836, 263.453613281, 264.057312012, 264.684265137, 265.311187744, 265.938140869, 266.565063477, 267.192016602, 267.818939209, 268.445892334, 269.061218262, 269.676544189, 270.280273438, 270.849151611, 271.418029785, 271.986938477, 272.55581665, 273.124725342, 273.774871826, 274.401794434, 275.028747559, 275.667297363, 276.305847168, 276.944396973, 277.582946777, 278.221496582, 278.860046387, 279.486968994, 280.125518799, 280.764068604, 281.309753418, 281.843811035, 282.377868652, 282.91192627, 283.445983887, 284.049713135, 284.665039062, 285.28036499, 285.884063721, 286.487792969, 287.103118896, 287.706848145, 288.322174072, 288.9375, 289.552825928, 290.168151855, 290.783477783, 291.422027588, 292.060577393, 292.687530518, 293.314453125, 293.94140625, 294.568328857, 295.206878662, 295.845428467, 296.472381592, 297.099304199, 297.726257324, 298.353179932, 299.003356934, 299.653503418, 300.280456543, 300.90737915, 301.545928955, 302.18447876, 302.834655762, 303.473205566, 304.100128174, 304.738677979, 305.365631104, 306.015777588, 306.642730713, 307.26965332, 307.908203125, 308.53515625, 309.162078857, 309.800628662, 310.427581787, 311.054504395, 311.68145752, 312.308380127, 312.958557129, 313.585479736, 314.212432861, 314.827758789, 315.454681396, 316.081634521, 316.708557129, 317.335510254, 317.962432861, 318.600982666, 319.251159668, 319.91293335, 320.574676514, 321.236450195, 321.898223877, 322.548370361, 323.198547363, 323.860321045, 324.510467529, 325.160614014, 325.822387695, 326.4609375, 327.099487305, 327.72644043, 328.364990234, 329.003540039, 329.630462646, 330.257415771, 330.884338379, 331.499664307, 332.114990234, 332.741943359, 333.368896484, 334.007446289, 334.645965576, 335.272918701, 335.899871826, 336.526794434, 337.153747559, 337.792297363, 338.430847168, 339.080993652, 339.70791626, 340.334869385, 340.96182251, 341.577148438, 342.192474365, 342.819396973, 343.446350098, 344.073272705, 344.70022583, 345.327148438, 345.954101562, 346.58102417, 347.207977295, 347.811706543, 348.427032471, 349.053955078, 349.669281006, 350.296234131, 350.923156738, 351.538482666, 352.153839111, 352.757537842, 353.37286377, 353.988189697, 354.603546143, 355.21887207, 355.845794678, 356.472747803, 357.09967041, 357.726623535, 358.341949463, 358.957275391, 359.561004639, 360.176330566, 360.803253174, 361.430206299, 362.057128906, 362.672454834, 363.287780762, 363.903137207, 364.518463135, 365.133789062, 365.74911499, 366.364440918, 366.979766846, 367.61831665, 368.256866455, 368.89541626, 369.533966064, 370.172515869]
