{
"lowlevel": {
    "average_loudness": 0.9503480196,
    "barkbands_crest": {
        "dmean": 1.7700855732,
        "dmean2": 2.69493031502,
        "dvar": 3.7798409462,
        "dvar2": 9.22021579742,
        "max": 26.4970550537,
        "mean": 9.96723175049,
        "median": 9.06150245667,
        "min": 5.48530817032,
        "var": 12.0345869064
    },
    "barkbands_flatness_db": {
        "dmean": 0.0170455761254,
        "dmean2": 0.0235241446644,
        "dvar": 0.000382116588298,
        "dvar2": 0.000740235846024,
        "max": 0.348742961884,
        "mean": 0.247396379709,
        "median": 0.253727138042,
        "min": 0.132630318403,
        "var": 0.00154623179697
    },
    "barkbands_kurtosis": {
        "dmean": 2.82605981827,
        "dmean2": 4.19892215729,
        "dvar": 42.9266777039,
        "dvar2": 104.919059753,
        "max": 94.0685119629,
        "mean": 5.72802734375,
        "median": 2.99395799637,
        "min": -1.58167493343,
        "var": 77.530166626
    },
    "barkbands_skewness": {
        "dmean": 0.444165438414,
        "dmean2": 0.636560499668,
        "dvar": 0.374413341284,
        "dvar2": 0.962390065193,
        "max": 5.59283208847,
        "mean": 1.2319009304,
        "median": 0.963684678078,
        "min": -3.62642145157,
        "var": 1.60979354382
    },
    "barkbands_spread": {
        "dmean": 1.46389210224,
        "dmean2": 2.10746598244,
        "dvar": 7.0881114006,
        "dvar2": 17.544960022,
        "max": 34.3722572327,
        "mean": 6.93100309372,
        "median": 6.18408489227,
        "min": 0.688550233841,
        "var": 14.5945968628
    },
    "dissonance": {
        "dmean": 0.0372466482222,
        "dmean2": 0.0617059580982,
        "dvar": 0.00111368612852,
        "dvar2": 0.00284705893137,
        "max": 0.486340343952,
        "mean": 0.355543971062,
        "median": 0.357076138258,
        "min": 0.189775720239,
        "var": 0.00387689610943
    },
    "dynamic_complexity": 2.42728614807,
    "erbbands_crest": {
        "dmean": 2.56934332848,
        "dmean2": 3.90551424026,
        "dvar": 7.78343868256,
        "dvar2": 18.7486209869,
        "max": 33.8444061279,
        "mean": 13.9556341171,
        "median": 13.031545639,
        "min": 5.78783321381,
        "var": 26.3165664673
    },
    "erbbands_flatness_db": {
        "dmean": 0.0176219157875,
        "dmean2": 0.0223918166012,
        "dvar": 0.000412583351135,
        "dvar2": 0.000787350407336,
        "max": 0.429189234972,
        "mean": 0.271482586861,
        "median": 0.278161883354,
        "min": 0.116578966379,
        "var": 0.00213680998422
    },
    "erbbands_kurtosis": {
        "dmean": 1.85364770889,
        "dmean2": 2.66110706329,
        "dvar": 33.423210144,
        "dvar2": 79.2388076782,
        "max": 124.833724976,
        "mean": 3.82980394363,
        "median": 2.64568758011,
        "min": -1.26174688339,
        "var": 68.6265487671
    },
    "erbbands_skewness": {
        "dmean": 0.386194676161,
        "dmean2": 0.553359627724,
        "dvar": 0.357746779919,
        "dvar2": 0.914312899113,
        "max": 5.74889183044,
        "mean": 0.72273683548,
        "median": 0.764089345932,
        "min": -4.78612279892,
        "var": 1.09232509136
    },
    "erbbands_spread": {
        "dmean": 3.43164396286,
        "dmean2": 4.98142957687,
        "dvar": 33.6593933105,
        "dvar2": 83.7306213379,
        "max": 66.2065048218,
        "mean": 14.1126461029,
        "median": 11.6916866302,
        "min": 0.605491816998,
        "var": 74.7102355957
    },
    "hfc": {
        "dmean": 2.61533999443,
        "dmean2": 4.02149820328,
        "dvar": 146.868713379,
        "dvar2": 449.726501465,
        "max": 181.212631226,
        "mean": 10.3090658188,
        "median": 9.51538276672,
        "min": 0.0917530730367,
        "var": 108.828605652
    },
    "melbands_crest": {
        "dmean": 2.22227311134,
        "dmean2": 3.28924322128,
        "dvar": 4.71347665787,
        "dvar2": 10.7328968048,
        "max": 31.0680427551,
        "mean": 12.9138469696,
        "median": 11.9108715057,
        "min": 5.77832889557,
        "var": 18.103477478
    },
    "melbands_flatness_db": {
        "dmean": 0.0187473427504,
        "dmean2": 0.0256110373884,
        "dvar": 0.00052680837689,
        "dvar2": 0.000958400021773,
        "max": 0.429069638252,
        "mean": 0.322306454182,
        "median": 0.329482257366,
        "min": 0.185380458832,
        "var": 0.00254590925761
    },
    "melbands_kurtosis": {
        "dmean": 3.4693210125,
        "dmean2": 5.29900312424,
        "dvar": 45.1006469727,
        "dvar2": 101.203742981,
        "max": 83.0946426392,
        "mean": 6.74527263641,
        "median": 2.65338230133,
        "min": -1.60524022579,
        "var": 126.48400116
    },
    "melbands_skewness": {
        "dmean": 0.471453309059,
        "dmean2": 0.668655991554,
        "dvar": 0.409145087004,
        "dvar2": 0.922155559063,
        "max": 7.06951236725,
        "mean": 1.37351465225,
        "median": 1.04232001305,
        "min": -4.72477722168,
        "var": 1.75807619095
    },
    "melbands_spread": {
        "dmean": 2.49616789818,
        "dmean2": 3.84599900246,
        "dvar": 53.438205719,
        "dvar2": 151.324066162,
        "max": 113.981262207,
        "mean": 10.7263422012,
        "median": 9.72992038727,
        "min": 1.67440485954,
        "var": 57.9984664917
    },
    "pitch_salience": {
        "dmean": 0.0535355359316,
        "dmean2": 0.0771541520953,
        "dvar": 0.00261460524052,
        "dvar2": 0.00540435360745,
        "max": 0.834197402,
        "mean": 0.537521481514,
        "median": 0.535374760628,
        "min": 0.0896816849709,
        "var": 0.0148941567168
    },
    "silence_rate_20dB": {
        "dmean": 0,
        "dmean2": 0,
        "dvar": 0,
        "dvar2": 0,
        "max": 1,
        "mean": 1,
        "median": 1,
        "min": 1,
        "var": 0
    },
    "silence_rate_30dB": {
        "dmean": 0.00464037107304,
        "dmean2": 0.00930232554674,
        "dvar": 0.00461884681135,
        "dvar2": 0.00921579450369,
        "max": 1,
        "mean": 0.995370388031,
        "median": 1,
        "min": 0,
        "var": 0.00460820132867
    },
    "silence_rate_60dB": {
        "dmean": 0.0301624126732,
        "dmean2": 0.0604651160538,
        "dvar": 0.0292526762933,
        "dvar2": 0.070762835443,
        "max": 1,
        "mean": 0.0532407425344,
        "median": 0,
        "min": 0,
        "var": 0.0504059977829
    },
    "spectral_centroid": {
        "dmean": 83.5562286377,
        "dmean2": 122.853401184,
        "dvar": 56322.6601562,
        "dvar2": 139914.265625,
        "max": 4311.47363281,
        "mean": 624.593261719,
        "median": 603.727844238,
        "min": 245.946289062,
        "var": 75331.1640625
    },
    "spectral_complexity": {
        "dmean": 1.14849185944,
        "dmean2": 1.79302322865,
        "dvar": 1.7134475708,
        "dvar2": 3.22925829887,
        "max": 18,
        "mean": 8.61574077606,
        "median": 8,
        "min": 1,
        "var": 9.18105316162
    },
    "spectral_decrease": {
        "dmean": 9.6042340747e-10,
        "dmean2": 1.26296306746e-09,
        "dvar": 2.07901486528e-18,
        "dvar2": 3.52218095677e-18,
        "max": -6.59582735651e-11,
        "mean": -4.73252770306e-09,
        "median": -4.36919300739e-09,
        "min": -3.58827065838e-08,
        "var": 1.17159074363e-17
    },
    "spectral_energy": {
        "dmean": 0.00384427863173,
        "dmean2": 0.00510513549671,
        "dvar": 3.49758593075e-05,
        "dvar2": 6.76784693496e-05,
        "max": 0.138314723969,
        "mean": 0.0187966972589,
        "median": 0.017477799207,
        "min": 0.000257264269749,
        "var": 0.000181015886483
    },
    "spectral_energyband_high": {
        "dmean": 0.000206540207728,
        "dmean2": 0.000397151947254,
        "dvar": 7.06936589268e-06,
        "dvar2": 2.11304959521e-05,
        "max": 0.0394310951233,
        "mean": 0.000140356569318,
        "median": 1.27493440232e-05,
        "min": 7.44794760976e-07,
        "var": 3.5919556467e-06
    },
    "spectral_energyband_low": {
        "dmean": 0.00073833973147,
        "dmean2": 0.00114997813944,
        "dvar": 2.5841848128e-06,
        "dvar2": 6.5916233325e-06,
        "max": 0.0161521974951,
        "mean": 0.00213098921813,
        "median": 0.00107088219374,
        "min": 5.9488320403e-06,
        "var": 6.94539994583e-06
    },
    "spectral_energyband_middle_high": {
        "dmean": 0.00102433899883,
        "dmean2": 0.00141526130028,
        "dvar": 2.19831395043e-06,
        "dvar2": 3.90852028431e-06,
        "max": 0.0144412359223,
        "mean": 0.00329973339103,
        "median": 0.00266877142712,
        "min": 5.30629677087e-06,
        "var": 9.73683381744e-06
    },
    "spectral_energyband_middle_low": {
        "dmean": 0.00310910725966,
        "dmean2": 0.00376935163513,
        "dvar": 2.49236036325e-05,
        "dvar2": 2.97593360301e-05,
        "max": 0.134830355644,
        "mean": 0.0145708862692,
        "median": 0.0136703653261,
        "min": 4.07599327445e-05,
        "var": 0.000148572362377
    },
    "spectral_entropy": {
        "dmean": 0.160606235266,
        "dmean2": 0.227708026767,
        "dvar": 0.0450841262937,
        "dvar2": 0.084785848856,
        "max": 7.81882381439,
        "mean": 6.15233707428,
        "median": 6.10792446136,
        "min": 5.41963863373,
        "var": 0.143267452717
    },
    "spectral_flux": {
        "dmean": 0.0149745885283,
        "dmean2": 0.024307763204,
        "dvar": 0.000379355362384,
        "dvar2": 0.000811184756458,
        "max": 0.19128356874,
        "mean": 0.0377758704126,
        "median": 0.0308295693249,
        "min": 0.00737282028422,
        "var": 0.000681552337483
    },
    "spectral_kurtosis": {
        "dmean": 6.85552406311,
        "dmean2": 11.4992628098,
        "dvar": 46.5228805542,
        "dvar2": 114.007293701,
        "max": 57.6919708252,
        "mean": 19.6851940155,
        "median": 17.0441093445,
        "min": 1.65731859207,
        "var": 146.867736816
    },
    "spectral_rms": {
        "dmean": 0.000437394453911,
        "dmean2": 0.000591350311879,
        "dvar": 3.39342818734e-07,
        "dvar2": 7.68573897858e-07,
        "max": 0.0116164190695,
        "mean": 0.00404130155221,
        "median": 0.00412934739143,
        "min": 0.000500988564454,
        "var": 2.00613840207e-06
    },
    "spectral_rolloff": {
        "dmean": 110.813514709,
        "dmean2": 201.059890747,
        "dvar": 96679.640625,
        "dvar2": 268198.5625,
        "max": 4478.90625,
        "mean": 808.790222168,
        "median": 775.1953125,
        "min": 193.798828125,
        "var": 119011.148438
    },
    "spectral_skewness": {
        "dmean": 0.547218024731,
        "dmean2": 0.894416511059,
        "dvar": 0.293746441603,
        "dvar2": 0.672069251537,
        "max": 6.00124263763,
        "mean": 3.20227050781,
        "median": 3.07011365891,
        "min": -0.127486720681,
        "var": 1.11082589626
    },
    "spectral_spread": {
        "dmean": 349742.6875,
        "dmean2": 507853.65625,
        "dvar": 662294036480,
        "dvar2": 692696317952,
        "max": 19530764,
        "mean": 2503390,
        "median": 2310854,
        "min": 1385737.375,
        "var": 1.24614305382e+12
    },
    "spectral_strongpeak": {
        "dmean": 0.547628283501,
        "dmean2": 0.932230472565,
        "dvar": 1.11599695683,
        "dvar2": 3.18021416664,
        "max": 12.3119277954,
        "mean": 1.37088990211,
        "median": 1.09989309311,
        "min": 0.0202172473073,
        "var": 1.35739469528
    },
    "zerocrossingrate": {
        "dmean": 0.00356184737757,
        "dmean2": 0.00433888984844,
        "dvar": 1.94129061128e-05,
        "dvar2": 2.56080693362e-05,
        "max": 0.09521484375,
        "mean": 0.0296506527811,
        "median": 0.0302734375,
        "min": 0.0048828125,
        "var": 0.000101703284599
    },
    "barkbands": {
        "dmean": [7.21850597074e-07, 0.000111326298793, 0.00040232448373, 0.00063678441802, 0.0016094672028, 0.000535742321517, 0.00052981916815, 0.000444547797088, 0.000579683750402, 0.000600251543801, 0.000225222829613, 0.000323719199514, 0.000240877940087, 1.45074700413e-05, 1.52718712343e-05, 2.02684623218e-05, 9.51983474806e-06, 9.87775001704e-06, 9.97377992462e-06, 2.01832936e-05, 0.00018241305952, 2.72671286439e-06, 5.40594191989e-06, 1.40902727708e-06, 4.16037693185e-07, 1.92942877675e-07, 4.5471033161e-08],
        "dmean2": [1.21410380416e-06, 0.000197947651031, 0.000659301935229, 0.000977902207524, 0.00220395205542, 0.000644470448606, 0.000557097897399, 0.000534034683369, 0.000716388691217, 0.000683827442117, 0.000311069685267, 0.0004716514959, 0.000369509798475, 2.1992420443e-05, 2.39922683249e-05, 3.17317790177e-05, 1.39941957968e-05, 1.46471365952e-05, 1.49091247295e-05, 3.27457964886e-05, 0.000358222314389, 3.52409642801e-06, 9.69702068687e-06, 2.37621361521e-06, 6.37087509858e-07, 3.3260224086e-07, 7.48742507994e-08],
        "dvar": [7.09854430011e-13, 1.57924176847e-07, 1.11347935672e-06, 2.84417410512e-06, 2.16445496335e-05, 7.4213227208e-07, 5.37548601187e-07, 5.47989486677e-07, 7.15511305316e-07, 1.2942119838e-06, 4.66063227123e-07, 1.0249780189e-06, 5.97930920776e-07, 7.25400295387e-10, 5.04472741358e-10, 3.27811044976e-09, 1.19645904295e-09, 1.16379017534e-09, 6.09931272155e-10, 1.29604869059e-08, 6.29147189102e-06, 5.30884607108e-11, 1.7911321315e-09, 4.73646538657e-11, 1.57135968733e-12, 1.44677477464e-12, 3.41294371338e-15],
        "dvar2": [1.49013798263e-12, 4.40242303057e-07, 3.19348259836e-06, 7.50174376662e-06, 2.77448816632e-05, 1.05347749013e-06, 5.23686821907e-07, 7.46261832774e-07, 9.64375203694e-07, 1.55591976636e-06, 9.30546946165e-07, 1.93176447283e-06, 1.17918807518e-06, 1.75102354838e-09, 1.14369103077e-09, 9.09728825604e-09, 1.79818981927e-09, 2.77475198374e-09, 1.14755149827e-09, 3.73255879538e-08, 1.88091034943e-05, 9.31429655626e-11, 5.2588857713e-09, 1.31763780442e-10, 3.69248902288e-12, 4.27478582046e-12, 7.40706934265e-15],
        "max": [1.14285176096e-05, 0.00472703017294, 0.0116833690554, 0.023351052776, 0.107298925519, 0.0106693441048, 0.0147594530135, 0.0126231918111, 0.0128127019852, 0.0149517515674, 0.00750104617327, 0.0135331107304, 0.0101852575317, 0.00030319619691, 0.000256658269791, 0.000750344595872, 0.00079867587192, 0.000556928804144, 0.000464345299406, 0.00163510767743, 0.0371600985527, 0.000123680350953, 0.000596923055127, 9.62334452197e-05, 1.49907700688e-05, 1.77633028215e-05, 7.52428661599e-07],
        "mean": [8.07447975149e-07, 0.000107151303382, 0.00112774712034, 0.00168480968568, 0.00368530652486, 0.00193506898358, 0.0021878357511, 0.00186405063141, 0.00204967311583, 0.00185662216973, 0.000606362591498, 0.000723725126591, 0.000626729452051, 3.29115100612e-05, 4.0456194256e-05, 4.22091688961e-05, 2.49702698056e-05, 2.27218697546e-05, 2.77551171166e-05, 3.07345981128e-05, 0.000106990075437, 5.30145734956e-06, 4.2424185267e-06, 1.41536099818e-06, 6.5802402105e-07, 3.78202059892e-07, 8.54369801573e-08],
        "median": [4.76757747947e-07, 1.28316705741e-05, 0.000762269250117, 0.00049049325753, 0.00224742759019, 0.0010687909089, 0.000794212392066, 0.000384426733945, 0.000839750340674, 0.000306330563035, 2.02116243599e-05, 4.8632369726e-05, 3.76519165002e-05, 1.93436790141e-05, 2.42266287387e-05, 2.00868325919e-05, 8.78351238498e-06, 7.47662261347e-06, 8.96368874237e-06, 8.23127084004e-06, 4.14886380895e-06, 1.50988103087e-06, 4.64907003561e-07, 2.77668618764e-07, 2.27558928145e-07, 2.67248879027e-07, 5.52279217914e-08],
        "min": [4.12431244712e-09, 1.72197587744e-07, 4.53440407e-07, 1.10961843802e-06, 1.13554215204e-05, 7.86093369243e-06, 2.85886585516e-06, 4.33344325756e-07, 2.85699343294e-06, 6.4224855123e-07, 5.43361693417e-08, 2.58355782989e-07, 3.18052030934e-07, 4.32709697407e-07, 2.0915655341e-07, 7.22101773931e-08, 1.33780389433e-07, 8.23388432991e-08, 1.30545885213e-07, 6.16708888401e-08, 6.06550187854e-08, 4.94126659589e-08, 4.96071805856e-08, 7.65933947378e-08, 1.08473329874e-07, 9.07102730707e-08, 1.09520152947e-08],
        "var": [1.06672266506e-12, 1.39019917356e-07, 2.13599105336e-06, 7.75690750743e-06, 6.96260758559e-05, 4.25627695222e-06, 8.27357143862e-06, 6.42872191747e-06, 6.05900640949e-06, 7.34936975277e-06, 2.21753202823e-06, 3.12323822982e-06, 2.6116895242e-06, 1.50655299347e-09, 2.02948036154e-09, 3.8898382293e-09, 5.62856472541e-09, 2.43000375377e-09, 3.27397731148e-09, 8.97268925826e-09, 3.18925003739e-06, 1.35134681223e-10, 9.83746972771e-10, 3.16425600999e-11, 2.04502278826e-12, 7.88445426569e-13, 5.81747903295e-15]
    },
    "erbbands": {
        "dmean": [0.000738223083317, 0.0370916761458, 0.360845863819, 1.32646799088, 5.11357355118, 3.92124009132, 4.65409708023, 4.02463293076, 7.29867506027, 9.62059116364, 6.1353302002, 14.0377779007, 21.9160194397, 8.32655239105, 12.1397733688, 16.5422954559, 14.3177309036, 1.38601100445, 0.788212776184, 0.83004373312, 0.926776707172, 0.389508873224, 0.543134868145, 0.549183011055, 0.496371120214, 2.09322190285, 11.400220871, 0.639461457729, 0.109884232283, 0.236422672868, 0.0722672268748, 0.0333259180188, 0.0195906497538, 0.00542070437223, 0.00280039291829, 0.0010490558343, 0.000328748457832, 4.58130452898e-05, 8.78426271811e-06, 4.58845852336e-06],
        "dmean2": [0.00128691166174, 0.0655285790563, 0.607435762882, 1.90853798389, 6.76829624176, 5.68222951889, 4.92720508575, 5.38818836212, 7.50792837143, 11.7845821381, 7.34088993073, 17.9426288605, 23.8992118835, 10.6762638092, 16.7679862976, 24.1772556305, 21.5929393768, 2.05724644661, 1.17450499535, 1.30267465115, 1.5123500824, 0.578925490379, 0.758795678616, 0.845195710659, 0.704646110535, 3.8319671154, 22.3618659973, 1.1893324852, 0.163281232119, 0.397034019232, 0.125859990716, 0.0544905476272, 0.0338931716979, 0.00805465411395, 0.00457834592089, 0.00178499612957, 0.00059204606805, 7.78368557803e-05, 1.46425754792e-05, 6.34319758319e-06],
        "dvar": [5.2635814427e-06, 0.0174364261329, 1.15254819393, 7.18987846375, 346.955047607, 66.4747772217, 105.578865051, 47.2664375305, 111.326454163, 208.535842896, 109.986701965, 484.98449707, 1767.94958496, 356.872650146, 1261.98205566, 2555.96411133, 1823.5949707, 8.9075422287, 1.40562927723, 1.71483325958, 11.8574695587, 1.59479415417, 3.64218306541, 1.92130815983, 1.62488007545, 484.761993408, 24259.2304688, 52.4248390198, 0.164572820067, 2.40692329407, 0.267811208963, 0.0154828559607, 0.0137626137584, 0.000229184166528, 0.000129343708977, 2.2764881578e-05, 6.04769002166e-06, 4.64954386103e-09, 1.39769182339e-10, 6.45971817703e-11],
        "dvar2": [1.47228292917e-05, 0.0490554496646, 3.30975699425, 15.0624904633, 351.914978027, 127.183486938, 121.206756592, 77.8563156128, 112.21697998, 287.108978271, 162.943847656, 748.098815918, 1942.41589355, 735.352172852, 2498.69165039, 4779.70703125, 3556.82983398, 18.610376358, 3.25642466545, 3.74488973618, 33.6476593018, 2.44440746307, 6.94464969635, 3.95707392693, 3.38951134682, 1446.10144043, 72515.9453125, 156.429214478, 0.4317740798, 6.91657304764, 0.792905509472, 0.0418915823102, 0.039163261652, 0.000498853740282, 0.000347518711351, 6.52576927678e-05, 1.79830403795e-05, 1.30774191476e-08, 3.67041952387e-10, 1.60402108262e-10],
        "max": [0.0236879419535, 1.48811113834, 11.2115697861, 35.9828681946, 458.921661377, 154.259262085, 153.748977661, 106.76802063, 217.617324829, 208.771652222, 176.411071777, 269.674255371, 592.898193359, 308.006591797, 406.443450928, 679.071777344, 575.108459473, 51.8152389526, 10.6211805344, 13.358288765, 48.0898017883, 29.1178226471, 38.1567344666, 25.5368938446, 14.8489494324, 326.542999268, 2308.6015625, 107.468475342, 4.9164276123, 20.7486953735, 7.50454378128, 1.34957563877, 1.59529685974, 0.162157505751, 0.149983882904, 0.0643139481544, 0.0369048453867, 0.00100071029738, 0.000108606560389, 0.000151736967382],
        "mean": [0.000962278398219, 0.0482727997005, 0.909260630608, 4.16085910797, 9.26365947723, 11.007727623, 16.8510818481, 15.1211462021, 32.3278961182, 40.1234474182, 27.8768806458, 50.321559906, 67.969871521, 31.0325927734, 32.1055374146, 39.5697555542, 36.535243988, 3.64259123802, 2.21733593941, 2.22672867775, 1.82019710541, 1.0160806179, 1.41955792904, 1.58023631573, 1.22233963013, 1.91069245338, 6.90260601044, 0.528637349606, 0.181861683726, 0.233767494559, 0.0671679973602, 0.0362509079278, 0.0192861761898, 0.00886728428304, 0.003856793046, 0.0016971520381, 0.000663987826556, 0.000166695303051, 2.08603960345e-05, 2.21139125642e-05],
        "median": [0.00045071990462, 0.0155063038692, 0.632580697536, 1.68069124222, 2.94273328781, 7.44059371948, 8.23411941528, 8.8523349762, 14.3289880753, 21.2906951904, 10.7948112488, 23.8489646912, 20.3451957703, 10.754945755, 4.19820404053, 4.58281803131, 3.57800507545, 1.47108697891, 1.42773640156, 1.29330635071, 1.05157089233, 0.407544612885, 0.502069950104, 0.495873451233, 0.491144239902, 0.375278830528, 0.279914140701, 0.092326387763, 0.0563668683171, 0.0357289090753, 0.0112568214536, 0.00699359551072, 0.00410442147404, 0.00252051930875, 0.0016889963299, 0.000987965613604, 0.000506356591359, 0.000154024368385, 1.7400328943e-05, 2.03475083254e-05],
        "min": [9.91015713225e-06, 0.000184646909474, 0.00200801878236, 0.00731779634953, 0.0357225127518, 0.025892406702, 0.0424017831683, 0.0799776315689, 0.041497528553, 0.0289702508599, 0.0261941011995, 0.0715011507273, 0.0474155023694, 0.0123637737706, 0.0267614368349, 0.013079226017, 0.0150964753702, 0.0152297150344, 0.018006362021, 0.00914197973907, 0.00310625578277, 0.00726656801999, 0.00606459798291, 0.00594938080758, 0.00410381844267, 0.00319413351826, 0.00250409217551, 0.00233768811449, 0.00175842095632, 0.00149820221122, 0.00128632399719, 0.00128867302556, 0.00137291755527, 0.000946925603785, 0.000642286089715, 0.000362128193956, 0.000193628482521, 7.82487986726e-05, 4.03103967983e-06, 9.73939677351e-07],
        "var": [4.42806367573e-06, 0.0169363133609, 1.75541627407, 34.1390380859, 1271.62438965, 196.58757019, 517.714111328, 392.617828369, 1772.02062988, 2000.12878418, 1253.56420898, 3500.41381836, 10203.7109375, 2584.03857422, 5409.25878906, 7854.66455078, 7742.37841797, 37.8501853943, 5.21691274643, 6.26467561722, 8.92117786407, 7.56498336792, 12.74132061, 10.2393941879, 3.94061303139, 250.393676758, 12308.0458984, 26.9816017151, 0.179309621453, 1.49337387085, 0.144971594214, 0.0122666880488, 0.00835710577667, 0.000393376802094, 9.8143107607e-05, 1.43802844832e-05, 3.15487909575e-06, 4.01550970253e-09, 1.70728153837e-10, 2.26513446888e-10]
    },
    "gfcc": {
        "mean": [-95.6382141113, 149.818954468, -117.436927795, -12.0780801773, -69.0419082642, -20.9249134064, -30.8929977417, -9.92502975464, -32.5733680725, -7.14129590988, -20.4836559296, -11.4106750488, -14.1157140732],
        "cov": [[2178.41308594, 98.046836853, -760.438537598, 132.405029297, -417.828186035, 57.1648483276, 280.937469482, 34.7778778076, -32.391834259, -90.8502578735, 10.193775177, -114.344680786, -19.5946750641], [98.046836853, 547.704956055, 116.012397766, -304.514038086, 120.180343628, -29.3570079803, 50.2928314209, -20.8413295746, 10.6893491745, -50.5023460388, -34.2149391174, -54.1155433655, -69.3550262451], [-760.438537598, 116.012397766, 633.622009277, 114.575721741, 247.995742798, 81.5432128906, -144.241531372, -69.4384994507, 34.0757789612, 29.2494449615, -17.1952438354, 8.11695957184, -51.3138656616], [132.405029297, -304.514038086, 114.575721741, 522.370361328, -1.42104792595, 107.060386658, -23.3909988403, -63.0337677002, -23.2576332092, 53.0047950745, 42.6358261108, 31.7054958344, -4.88057231903], [-417.828186035, 120.180343628, 247.995742798, -1.42104792595, 245.179275513, 85.9783782959, -21.5284786224, -68.610496521, -37.8786277771, 20.9812984467, 26.8821926117, 30.096862793, -43.8195419312], [57.1648483276, -29.3570079803, 81.5432128906, 107.060386658, 85.9783782959, 321.090454102, 132.612197876, -77.2939376831, -72.9781494141, 8.55455589294, 61.4359359741, 35.4701194763, -45.5258674622], [280.937469482, 50.2928314209, -144.241531372, -23.3909988403, -21.5284786224, 132.612197876, 251.450057983, 11.2519187927, -73.5670852661, -16.8407840729, 36.020526886, 35.8946075439, -5.5993437767], [34.7778778076, -20.8413295746, -69.4384994507, -63.0337677002, -68.610496521, -77.2939376831, 11.2519187927, 190.25189209, 89.9141769409, -41.9911193848, -45.0719184875, -15.552233696, 24.8202552795], [-32.391834259, 10.6893491745, 34.0757789612, -23.2576332092, -37.8786277771, -72.9781494141, -73.5670852661, 89.9141769409, 139.883956909, -3.70328474045, -72.445350647, -51.316368103, -7.22240018845], [-90.8502578735, -50.5023460388, 29.2494449615, 53.0047950745, 20.9812984467, 8.55455589294, -16.8407840729, -41.9911193848, -3.70328474045, 96.5035629272, 40.6562919617, -1.87950277328, -10.4374017715], [10.193775177, -34.2149391174, -17.1952438354, 42.6358261108, 26.8821926117, 61.4359359741, 36.020526886, -45.0719184875, -72.445350647, 40.6562919617, 118.796073914, 57.1415557861, -15.0544109344], [-114.344680786, -54.1155433655, 8.11695957184, 31.7054958344, 30.096862793, 35.4701194763, 35.8946075439, -15.552233696, -51.316368103, -1.87950277328, 57.1415557861, 104.851669312, 33.5594215393], [-19.5946750641, -69.3550262451, -51.3138656616, -4.88057231903, -43.8195419312, -45.5258674622, -5.5993437767, 24.8202552795, -7.22240018845, -10.4374017715, -15.0544109344, 33.5594215393, 100.522888184]],
        "icov": [[0.00366130075417, -0.00525541463867, 0.00478099519387, -0.00471193436533, 0.00443297857419, -0.00256755156443, 0.000949303677771, -0.000224942021305, 4.490081119e-05, 0.00173969299067, -0.00142089324072, 0.00263429246843, -0.000730850675609], [-0.00525541463867, 0.0131885055453, -0.00856752227992, 0.00953654479235, -0.00863475166261, 0.00635963911191, -0.00575336627662, 0.00377380987629, -0.00341144949198, 0.00178488821257, -0.00108574284241, 9.81150587904e-05, 0.00177322921809], [0.00478099519387, -0.00856752227992, 0.0104687409475, -0.00760909263045, 0.00312693067826, -0.00508696399629, 0.00444445433095, -0.00121518119704, -2.26511456276e-05, 0.000812294078059, 0.000421984557761, 0.00140866148286, -0.000722133903764], [-0.00471193436533, 0.00953654479235, -0.00760909263045, 0.0099572846666, -0.00535647151992, 0.00346506829374, -0.00259590172209, 0.00200670398772, -0.00113877886906, -0.00155580742285, 0.00071700674016, -0.00256711384282, 0.00157571397722], [0.00443297857419, -0.00863475166261, 0.00312693067826, -0.00535647151992, 0.0157398041338, -0.00544544076547, 0.00378282670863, -0.00195522559807, 0.00499536609277, -0.0017707637744, 0.00166205095593, -0.00174653262366, 0.00233832164668], [-0.00256755156443, 0.00635963911191, -0.00508696399629, 0.00346506829374, -0.00544544076547, 0.00953163020313, -0.00712221069261, 0.0041561932303, -0.00335291726515, 0.00283946865238, -0.00323590962216, 0.00100710755214, 0.00121198047418], [0.000949303677771, -0.00575336627662, 0.00444445433095, -0.00259590172209, 0.00378282670863, -0.00712221069261, 0.0129541354254, -0.00690922420472, 0.00887135695666, -0.0050868797116, 0.00609031599015, -0.00534229399636, 0.00201405305415], [-0.000224942021305, 0.00377380987629, -0.00121518119704, 0.00200670398772, -0.00195522559807, 0.0041561932303, -0.00690922420472, 0.0144811775535, -0.0132826510817, 0.00823729019612, -0.00672770943493, 0.00314798392355, -0.00305100809783], [4.490081119e-05, -0.00341144949198, -2.26511456276e-05, -0.00113877886906, 0.00499536609277, -0.00335291726515, 0.00887135695666, -0.0132826510817, 0.0262089613825, -0.0107189826667, 0.014721872285, -0.00409728754312, 0.00636378629133], [0.00173969299067, 0.00178488821257, 0.000812294078059, -0.00155580742285, -0.0017707637744, 0.00283946865238, -0.0050868797116, 0.00823729019612, -0.0107189826667, 0.0219960547984, -0.0148879149929, 0.0102936429903, -0.00404588272795], [-0.00142089324072, -0.00108574284241, 0.000421984557761, 0.00071700674016, 0.00166205095593, -0.00323590962216, 0.00609031599015, -0.00672770943493, 0.014721872285, -0.0148879149929, 0.0280324742198, -0.0162409842014, 0.00961565971375], [0.00263429246843, 9.81150587904e-05, 0.00140866148286, -0.00256711384282, -0.00174653262366, 0.00100710755214, -0.00534229399636, 0.00314798392355, -0.00409728754312, 0.0102936429903, -0.0162409842014, 0.0259874146432, -0.0105381626636], [-0.000730850675609, 0.00177322921809, -0.000722133903764, 0.00157571397722, 0.00233832164668, 0.00121198047418, 0.00201405305415, -0.00305100809783, 0.00636378629133, -0.00404588272795, 0.00961565971375, -0.0105381626636, 0.0181658864021]]
    },
    "melbands": {
        "dmean": [1.73014705069e-05, 0.000139638592373, 0.000303875713143, 0.000373604823835, 0.00015308719594, 8.97599020391e-05, 0.000111516055767, 0.000107620478957, 4.79296686535e-05, 9.49296809267e-05, 0.000108258464024, 3.3572276152e-05, 3.17159065162e-05, 3.97061157855e-05, 3.78044605895e-05, 1.98874604393e-05, 1.59846877068e-06, 1.26079589791e-06, 8.07457411156e-07, 1.621481033e-06, 9.7730833204e-07, 3.46300765841e-07, 5.37227606401e-07, 6.86007524564e-07, 4.30881499369e-07, 3.47135426182e-07, 3.39357683288e-07, 7.58739304274e-07, 1.04525197457e-05, 9.00708812424e-07, 6.54904042108e-08, 5.09914208635e-08, 5.58982087284e-08, 1.83257824915e-07, 4.48379395834e-08, 1.84136723647e-08, 2.06929140489e-08, 1.77319314787e-08, 6.67900001972e-09, 3.46789086336e-09],
        "dmean2": [3.05612047669e-05, 0.00023827124096, 0.000436834146967, 0.000524193455931, 0.000172920743353, 0.00011744407675, 0.000114491769637, 0.000131739594508, 5.75364429096e-05, 0.000118737625598, 0.000117751958896, 4.35585461673e-05, 4.438515316e-05, 5.78189137741e-05, 5.55237493245e-05, 2.96965026791e-05, 2.45156456913e-06, 1.90425294022e-06, 1.25750568714e-06, 2.42386249738e-06, 1.6387962205e-06, 5.01577687828e-07, 7.85561610428e-07, 1.0198630207e-06, 6.80806124365e-07, 4.84218560359e-07, 4.70343280767e-07, 1.26948395973e-06, 2.05550586543e-05, 1.67652683558e-06, 1.02992231632e-07, 7.40933572274e-08, 7.38042587045e-08, 3.23290066717e-07, 8.15000404941e-08, 2.81224412646e-08, 3.46260549122e-08, 3.17859765175e-08, 1.03675201757e-08, 5.03179675704e-09],
        "dvar": [3.62886254379e-09, 1.80510141945e-07, 6.51142499919e-07, 1.30985415581e-06, 8.28310859902e-08, 2.00925196481e-08, 2.58584975654e-08, 2.8181393219e-08, 6.55842447017e-09, 2.05574526291e-08, 4.36939089354e-08, 7.10644654234e-09, 9.14381725892e-09, 9.21242904184e-09, 9.40725630727e-09, 4.25226032164e-09, 8.4826624891e-12, 3.94092180764e-12, 1.43497637817e-12, 7.59542342216e-12, 1.87140615504e-11, 8.75343905433e-13, 4.91861976495e-12, 6.48827823066e-12, 1.11863556612e-12, 8.44276580071e-13, 1.00807003803e-12, 2.48480524351e-11, 2.06789820822e-08, 1.08542251576e-10, 5.95603346374e-14, 2.85356048686e-14, 1.8396390097e-14, 1.97121355697e-12, 1.63095895838e-13, 2.2688016779e-15, 9.12325719664e-15, 1.55416044617e-14, 5.25980990465e-16, 8.34074798999e-17],
        "dvar2": [1.0091410374e-08, 5.18807667049e-07, 9.31807505822e-07, 1.74372053152e-06, 1.00184557539e-07, 3.28858682508e-08, 2.49083349502e-08, 3.8715235462e-08, 9.59661505817e-09, 2.95216473489e-08, 4.79291557554e-08, 1.48614995865e-08, 1.85613302506e-08, 1.8063529339e-08, 1.70497163055e-08, 8.26389268127e-09, 2.13145716355e-11, 8.81188958607e-12, 3.29237938995e-12, 1.76692358661e-11, 5.36562426434e-11, 1.38096424487e-12, 6.74979299883e-12, 1.53700108196e-11, 2.29402759809e-12, 1.53563153946e-12, 2.13429838039e-12, 7.28504895298e-11, 6.18222415483e-08, 3.23491178289e-10, 1.548410651e-13, 5.30485079692e-14, 3.56745713428e-14, 5.73881480531e-12, 4.86801788116e-13, 5.49173303133e-15, 2.52048256805e-14, 4.45634841691e-14, 1.30377100598e-15, 1.56395528106e-16],
        "max": [0.000702329678461, 0.00445357616991, 0.0189616270363, 0.026292135939, 0.00421228911728, 0.0020696290303, 0.00338051747531, 0.00273487926461, 0.00140769069549, 0.00167969055474, 0.00291994446889, 0.00134618405718, 0.00103703106288, 0.00109320587944, 0.00115422508679, 0.000953508191742, 2.97491278616e-05, 2.10276211874e-05, 1.58020193339e-05, 3.2087409636e-05, 6.15267126705e-05, 2.10949947359e-05, 5.34608007001e-05, 4.12598637922e-05, 1.93556406884e-05, 1.56344867719e-05, 1.56647656695e-05, 7.2223454481e-05, 0.00213105953299, 0.00015460891882, 2.8099402698e-06, 2.92786603495e-06, 1.60016782047e-06, 1.93409869098e-05, 5.95276742388e-06, 4.49311841066e-07, 1.15336615636e-06, 1.78246364158e-06, 2.5389857683e-07, 1.28536342459e-07],
        "mean": [1.65658420883e-05, 0.000335277873091, 0.000850723299664, 0.000748689868487, 0.000573131954297, 0.000335803662892, 0.000487410085043, 0.000447832106147, 0.000213077582885, 0.000334463693434, 0.000330188166117, 0.000119975760754, 8.74689649208e-05, 9.4709910627e-05, 9.34175113798e-05, 4.92384388053e-05, 3.36127595801e-06, 3.35657227879e-06, 2.14974170376e-06, 4.01026090913e-06, 1.63305173828e-06, 8.44173996484e-07, 1.40953466143e-06, 1.55612781327e-06, 1.24652888189e-06, 8.9747641141e-07, 6.99867882759e-07, 9.73321448328e-07, 6.18733292868e-06, 7.39068752864e-07, 9.6640455638e-08, 9.55338421704e-08, 1.02865790552e-07, 1.49430917418e-07, 3.81946456685e-08, 2.32503332143e-08, 2.08663166745e-08, 1.56826551745e-08, 9.26293175496e-09, 6.31149044139e-09],
        "median": [2.69879069492e-06, 0.000226424614084, 0.000325521628838, 0.000358286051778, 0.000368538137991, 0.000213925624848, 0.000191660277778, 0.000215744192246, 0.000108712127258, 0.000158955939696, 8.02819704404e-05, 2.34751350945e-05, 4.75738488603e-06, 8.08579170553e-06, 6.76148283674e-06, 3.5085977288e-06, 2.08154983738e-06, 2.03294757739e-06, 1.2956008959e-06, 2.17014485315e-06, 9.19848901049e-07, 3.9049643874e-07, 3.28417002038e-07, 4.40707424332e-07, 3.47439140569e-07, 2.96702239666e-07, 2.53747003853e-07, 2.24515531499e-07, 2.20404814399e-07, 8.19918994921e-08, 2.8020856746e-08, 3.1054213423e-08, 2.22428759855e-08, 1.3358610218e-08, 5.3532009936e-09, 4.70105687711e-09, 3.78348596897e-09, 2.76828737711e-09, 2.30396324241e-09, 2.05271066811e-09],
        "min": [5.49570167152e-08, 3.83171197882e-07, 1.34832907861e-06, 2.13253974835e-06, 1.36516769089e-06, 1.56010889896e-06, 6.60701630295e-07, 2.62862272393e-07, 8.47857748454e-08, 3.80735627914e-07, 2.33235127212e-07, 3.15135935125e-08, 4.39382574768e-08, 3.05556469016e-08, 2.122792786e-08, 3.69381467635e-08, 2.87223400619e-08, 1.47090144509e-08, 1.60907269731e-08, 5.91517324011e-09, 3.10348147181e-09, 6.72622046949e-09, 6.79549083671e-09, 3.69003672063e-09, 4.30898960957e-09, 3.51750473193e-09, 2.14603779192e-09, 1.72012037947e-09, 1.47249634708e-09, 1.48922074672e-09, 9.03838170974e-10, 9.52971035417e-10, 8.87760143176e-10, 7.92463206167e-10, 6.25477947214e-10, 8.97914353981e-10, 6.99185098707e-10, 8.90838791623e-10, 6.94508783816e-10, 7.31242455476e-10],
        "var": [3.08970515839e-09, 2.59183252638e-07, 2.73571322396e-06, 4.23890105594e-06, 3.87937092228e-07, 1.56056529477e-07, 4.182199973e-07, 2.96498654961e-07, 7.43972705664e-08, 1.48678367395e-07, 2.5182376362e-07, 5.10536430909e-08, 4.34201012922e-08, 3.04210772128e-08, 3.01831022398e-08, 1.74331091785e-08, 1.54936688479e-11, 1.34176220482e-11, 5.66098860497e-12, 2.630079661e-11, 1.21073316303e-11, 3.92195477483e-12, 2.56614660077e-11, 1.39003209984e-11, 7.21037075532e-12, 3.01841928188e-12, 1.76428468189e-12, 1.48646008696e-11, 1.04860573558e-08, 5.62458135622e-11, 6.21119502402e-14, 5.95704312701e-14, 4.60454428492e-14, 1.12934444782e-12, 8.42540013452e-14, 2.95050205242e-15, 6.41074641492e-15, 9.05442221715e-15, 5.6250277475e-16, 2.10982407573e-16]
    },
    "mfcc": {
        "mean": [-751.677307129, 193.173233032, -7.00432157516, 13.8800888062, -25.415189743, -14.1308345795, -9.46165943146, -13.6049871445, -10.0445232391, -4.41874361038, -9.86549186707, -8.6428155899, -7.47292470932],
        "cov": [[2914.68945312, -393.152130127, -452.918731689, 4.6054315567, -612.458312988, -71.9273910522, 67.8032836914, 116.340377808, 56.0734062195, 87.6079483032, 32.9110183716, 46.1839408875, 45.2699661255], [-393.152130127, 827.229431152, -44.3797264099, -201.569869995, 49.5919570923, -103.561813354, -54.4725914001, -12.1327438354, 23.0228939056, -35.403881073, 59.0120391846, -39.4393882751, -127.364578247], [-452.918731689, -44.3797264099, 382.434997559, 113.866889954, 222.620864868, 164.300048828, 7.47386741638, 2.01515746117, -24.1449317932, 4.54007959366, 9.0604057312, 13.3840246201, 4.45760393143], [4.6054315567, -201.569869995, 113.866889954, 267.201721191, 81.4468841553, 71.579208374, 8.81013679504, -29.0120925903, -14.7393493652, -17.3979892731, 1.75365555286, 21.8916110992, 46.3838691711], [-612.458312988, 49.5919570923, 222.620864868, 81.4468841553, 325.353729248, 99.9420166016, -38.3114547729, -33.753276825, -48.7043495178, -12.1913776398, 22.9189300537, 9.45649337769, -39.444606781], [-71.9273910522, -103.561813354, 164.300048828, 71.579208374, 99.9420166016, 361.974609375, 188.855438232, 7.79411315918, -72.4583358765, -92.3324737549, -8.27841281891, 86.2795639038, 58.6061668396], [67.8032836914, -54.4725914001, 7.47386741638, 8.81013679504, -38.3114547729, 188.855438232, 275.304626465, 74.4883422852, -42.1071586609, -84.7104568481, -24.7066249847, 93.5683364868, 73.5494613647], [116.340377808, -12.1327438354, 2.01515746117, -29.0120925903, -33.753276825, 7.79411315918, 74.4883422852, 199.66519165, 73.2759857178, -4.72388505936, -1.41447603703, -9.81770038605, 1.25224709511], [56.0734062195, 23.0228939056, -24.1449317932, -14.7393493652, -48.7043495178, -72.4583358765, -42.1071586609, 73.2759857178, 141.786499023, 67.6076812744, -15.2184944153, -45.1581497192, -29.0411338806], [87.6079483032, -35.403881073, 4.54007959366, -17.3979892731, -12.1913776398, -92.3324737549, -84.7104568481, -4.72388505936, 67.6076812744, 139.542984009, 27.2423839569, -35.8745117188, -48.3412971497], [32.9110183716, 59.0120391846, 9.0604057312, 1.75365555286, 22.9189300537, -8.27841281891, -24.7066249847, -1.41447603703, -15.2184944153, 27.2423839569, 138.127059937, 49.7666778564, -36.4164848328], [46.1839408875, -39.4393882751, 13.3840246201, 21.8916110992, 9.45649337769, 86.2795639038, 93.5683364868, -9.81770038605, -45.1581497192, -35.8745117188, 49.7666778564, 151.401550293, 34.5344238281], [45.2699661255, -127.364578247, 4.45760393143, 46.3838691711, -39.444606781, 58.6061668396, 73.5494613647, 1.25224709511, -29.0411338806, -48.3412971497, -36.4164848328, 34.5344238281, 137.076507568]],
