{
"lowlevel": {
    "average_loudness": 0.938401341438,
    "barkbands_crest": {
        "dmean": 2.12318134308,
        "dmean2": 3.3740401268,
        "dvar": 4.59175729752,
        "dvar2": 10.9786529541,
        "max": 25.3629894257,
        "mean": 9.30606174469,
        "median": 7.80760812759,
        "min": 2.19360136986,
        "var": 19.9180774689
    },
    "barkbands_flatness_db": {
        "dmean": 0.016470015049,
        "dmean2": 0.0243412777781,
        "dvar": 0.000212444429053,
        "dvar2": 0.000455675617559,
        "max": 0.389718025923,
        "mean": 0.123401351273,
        "median": 0.0985512584448,
        "min": 0.0256632044911,
        "var": 0.00611128099263
    },
    "barkbands_kurtosis": {
        "dmean": 1.66838395596,
        "dmean2": 2.59160232544,
        "dvar": 14.5997896194,
        "dvar2": 35.4958267212,
        "max": 122.206573486,
        "mean": 2.75681424141,
        "median": 0.607150912285,
        "min": -1.79303395748,
        "var": 42.5143852234
    },
    "barkbands_skewness": {
        "dmean": 0.418581038713,
        "dmean2": 0.624630510807,
        "dvar": 0.189939171076,
        "dvar2": 0.422607719898,
        "max": 9.42918777466,
        "mean": 0.823001146317,
        "median": 0.958263754845,
        "min": -3.13136649132,
        "var": 1.6071536541
    },
    "barkbands_spread": {
        "dmean": 6.56945848465,
        "dmean2": 9.81315231323,
        "dvar": 52.5209350586,
        "dvar2": 108.508132935,
        "max": 101.739700317,
        "mean": 31.1668682098,
        "median": 29.4862785339,
        "min": 1.48357272148,
        "var": 294.663726807
    },
    "dissonance": {
        "dmean": 0.0134936310351,
        "dmean2": 0.0221830960363,
        "dvar": 0.00022930126579,
        "dvar2": 0.000632904935628,
        "max": 0.499931484461,
        "mean": 0.467044353485,
        "median": 0.476103544235,
        "min": 0.260680049658,
        "var": 0.0009788722964
    },
    "dynamic_complexity": 3.04720759392,
    "erbbands_crest": {
        "dmean": 2.33483362198,
        "dmean2": 3.72510266304,
        "dvar": 6.16454029083,
        "dvar2": 15.2358484268,
        "max": 28.8575496674,
        "mean": 8.454205513,
        "median": 7.46205806732,
        "min": 2.35722517967,
        "var": 22.7415466309
    },
    "erbbands_flatness_db": {
        "dmean": 0.0144274774939,
        "dmean2": 0.0202512219548,
        "dvar": 0.000189820944797,
        "dvar2": 0.000377928954549,
        "max": 0.317756652832,
        "mean": 0.149354383349,
        "median": 0.140682637691,
        "min": 0.0477778315544,
        "var": 0.00282446504571
    },
    "erbbands_kurtosis": {
        "dmean": 1.12001895905,
        "dmean2": 1.73961484432,
        "dvar": 4.79504823685,
        "dvar2": 10.8876342773,
        "max": 45.7542686462,
        "mean": 1.71629035473,
        "median": -0.162182450294,
        "min": -1.68639063835,
        "var": 33.5315742493
    },
    "erbbands_skewness": {
        "dmean": 0.347127258778,
        "dmean2": 0.523596346378,
        "dvar": 0.113957703114,
        "dvar2": 0.265957057476,
        "max": 5.55471372604,
        "mean": 0.200289741158,
        "median": -0.0588893741369,
        "min": -3.37516713142,
        "var": 1.67743313313
    },
    "erbbands_spread": {
        "dmean": 7.71254634857,
        "dmean2": 11.8514375687,
        "dvar": 66.8380126953,
        "dvar2": 139.110946655,
        "max": 104.966438293,
        "mean": 42.8274536133,
        "median": 39.6638412476,
        "min": 3.93902802467,
        "var": 424.090911865
    },
    "hfc": {
        "dmean": 8.00265216827,
        "dmean2": 10.4537944794,
        "dvar": 201.712936401,
        "dvar2": 369.428497314,
        "max": 211.361114502,
        "mean": 25.3834915161,
        "median": 19.1214866638,
        "min": 1.07447538875e-16,
        "var": 680.250671387
    },
    "melbands_crest": {
        "dmean": 2.669932127,
        "dmean2": 4.4171538353,
        "dvar": 6.47456026077,
        "dvar2": 16.9220733643,
        "max": 30.6769447327,
        "mean": 12.6214599609,
        "median": 12.5249032974,
        "min": 1.44965875149,
        "var": 34.242565155
    },
    "melbands_flatness_db": {
        "dmean": 0.0193747133017,
        "dmean2": 0.028476767242,
        "dvar": 0.000341065577231,
        "dvar2": 0.000771483930293,
        "max": 0.473017692566,
        "mean": 0.158372834325,
        "median": 0.137219429016,
        "min": 0.00311153521761,
        "var": 0.0113620413467
    },
    "melbands_kurtosis": {
        "dmean": 4.15279006958,
        "dmean2": 6.49429225922,
        "dvar": 38.9567222595,
        "dvar2": 93.9157180786,
        "max": 88.4921340942,
        "mean": 8.57783126831,
        "median": 5.16540813446,
        "min": -1.75989937782,
        "var": 126.261398315
    },
    "melbands_skewness": {
        "dmean": 0.539792895317,
        "dmean2": 0.819500625134,
        "dvar": 0.351044327021,
        "dvar2": 0.769870698452,
        "max": 7.91827297211,
        "mean": 2.06634902954,
        "median": 1.89564847946,
        "min": -0.768960058689,
        "var": 1.89651930332
    },
    "melbands_spread": {
        "dmean": 9.7478761673,
        "dmean2": 14.7905340195,
        "dvar": 126.153320312,
        "dvar2": 273.878540039,
        "max": 190.420013428,
        "mean": 44.4017181396,
        "median": 33.4478607178,
        "min": 1.28084635735,
        "var": 1441.26062012
    },
    "pitch_salience": {
        "dmean": 0.0539963953197,
        "dmean2": 0.0863387137651,
        "dvar": 0.00264472072013,
        "dvar2": 0.00633698189631,
        "max": 0.858014881611,
        "mean": 0.574992775917,
        "median": 0.570149540901,
        "min": 0.159214109182,
        "var": 0.0157178901136
    },
    "silence_rate_20dB": {
        "dmean": 0,
        "dmean2": 0,
        "dvar": 0,
        "dvar2": 0,
        "max": 1,
        "mean": 1,
        "median": 1,
        "min": 1,
        "var": 0
    },
    "silence_rate_30dB": {
        "dmean": 0,
        "dmean2": 0,
        "dvar": 0,
        "dvar2": 0,
        "max": 1,
        "mean": 1,
        "median": 1,
        "min": 1,
        "var": 0
    },
    "silence_rate_60dB": {
        "dmean": 0.000794281193521,
        "dmean2": 0.00158982514404,
        "dvar": 0.000793654646259,
        "dvar2": 0.00158729334362,
        "max": 1,
        "mean": 0.17619048059,
        "median": 0,
        "min": 0,
        "var": 0.145148158073
    },
    "spectral_centroid": {
        "dmean": 301.593811035,
        "dmean2": 462.413269043,
        "dvar": 168788.703125,
        "dvar2": 403747.71875,
        "max": 11620.1845703,
        "mean": 2660.86962891,
        "median": 1894.48144531,
        "min": 219.043426514,
        "var": 8342039.5
    },
    "spectral_complexity": {
        "dmean": 3.64019060135,
        "dmean2": 5.24085855484,
        "dvar": 19.6332530975,
        "dvar2": 33.6881027222,
        "max": 57,
        "mean": 19.0134925842,
        "median": 19,
        "min": 0,
        "var": 166.438980103
    },
    "spectral_decrease": {
        "dmean": 1.01965547117e-09,
        "dmean2": 1.56273904928e-09,
        "dvar": 1.24679062234e-18,
        "dvar2": 2.89723338949e-18,
        "max": 1.73222580874e-28,
        "mean": -4.66287231049e-09,
        "median": -5.12441511447e-09,
        "min": -1.30217596706e-08,
        "var": 8.29383229088e-18
    },
    "spectral_energy": {
        "dmean": 0.00422881217673,
        "dmean2": 0.00628016097471,
        "dvar": 2.12686318264e-05,
        "dvar2": 4.62492353108e-05,
        "max": 0.0530157648027,
        "mean": 0.0199011098593,
        "median": 0.0218439493328,
        "min": 1.00781876376e-20,
        "var": 0.00015418617113
    },
    "spectral_energyband_high": {
        "dmean": 0.000810886558611,
        "dmean2": 0.00108638487291,
        "dvar": 3.24301140608e-06,
        "dvar2": 6.05566492595e-06,
        "max": 0.0320338383317,
        "mean": 0.00160596310161,
        "median": 0.000901475723367,
        "min": 7.05935806475e-21,
        "var": 7.13450617695e-06
    },
    "spectral_energyband_low": {
        "dmean": 0.00178065535147,
        "dmean2": 0.00289996899664,
        "dvar": 4.37669905295e-06,
        "dvar2": 1.00410543382e-05,
        "max": 0.0240907520056,
        "mean": 0.00488932570443,
        "median": 0.00453932350501,
        "min": 8.44232077678e-24,
        "var": 1.56661917572e-05
    },
    "spectral_energyband_middle_high": {
        "dmean": 0.00149176537525,
        "dmean2": 0.00211523263715,
        "dvar": 4.05789432989e-06,
        "dvar2": 8.11841255199e-06,
        "max": 0.0283099394292,
        "mean": 0.00530876172706,
        "median": 0.00326566677541,
        "min": 1.12296886835e-21,
        "var": 3.18451166095e-05
    },
    "spectral_energyband_middle_low": {
        "dmean": 0.00324949854985,
        "dmean2": 0.00497378828004,
        "dvar": 1.582826917e-05,
        "dvar2": 3.86524698115e-05,
        "max": 0.039336130023,
        "mean": 0.00870817527175,
        "median": 0.00753337657079,
        "min": 1.68117302955e-22,
        "var": 4.94737105328e-05
    },
    "spectral_entropy": {
        "dmean": 0.120941996574,
        "dmean2": 0.171309277415,
        "dvar": 0.0153616657481,
        "dvar2": 0.0308845601976,
        "max": 9.82364845276,
        "mean": 7.84870958328,
        "median": 7.86914920807,
        "min": 4.99876308441,
        "var": 0.892425358295
    },
    "spectral_flux": {
        "dmean": 0.0145474513993,
        "dmean2": 0.0222011506557,
        "dvar": 0.000221058377065,
        "dvar2": 0.000492271734402,
        "max": 0.188091546297,
        "mean": 0.0686515346169,
        "median": 0.0748428702354,
        "min": 6.123606483e-11,
        "var": 0.00175701815169
    },
    "spectral_kurtosis": {
        "dmean": 1.08457887173,
        "dmean2": 1.85605931282,
        "dvar": 3.44808936119,
        "dvar2": 10.95540905,
        "max": 29.530216217,
        "mean": 3.36600160599,
        "median": 2.14407849312,
        "min": -1.27954351902,
        "var": 22.2797718048
    },
    "spectral_rms": {
        "dmean": 0.000436752103269,
        "dmean2": 0.000645892054308,
        "dvar": 2.27663520036e-07,
        "dvar2": 4.74554013863e-07,
        "max": 0.00719184940681,
        "mean": 0.00393357640132,
        "median": 0.0046164020896,
        "min": 3.13566230273e-12,
        "var": 3.94271683035e-06
    },
    "spectral_rolloff": {
        "dmean": 758.948669434,
        "dmean2": 1181.94702148,
        "dvar": 1103643.25,
        "dvar2": 2228794.25,
        "max": 19466.015625,
        "mean": 3903.7265625,
        "median": 2260.98632812,
        "min": 21.533203125,
        "var": 27478686
    },
    "spectral_skewness": {
        "dmean": 0.144951477647,
        "dmean2": 0.234573513269,
        "dvar": 0.0247117504478,
        "dvar2": 0.0704841837287,
        "max": 4.20293903351,
        "mean": 1.22064745426,
        "median": 1.12088704109,
        "min": -0.0756334811449,
        "var": 0.581421971321
    },
    "spectral_spread": {
        "dmean": 552371.25,
        "dmean2": 818666.75,
        "dvar": 1.41891036774e+12,
        "dvar2": 3.2940336087e+12,
        "max": 46432344,
        "mean": 8526377,
        "median": 4963610.5,
        "min": 2006613.125,
        "var": 1.16517387633e+14
    },
    "spectral_strongpeak": {
        "dmean": 0.52870196104,
        "dmean2": 0.899400472641,
        "dvar": 0.950258731842,
        "dvar2": 2.29052734375,
        "max": 12.8275899887,
        "mean": 0.892184197903,
        "median": 0.416139185429,
        "min": 0,
        "var": 1.68157124519
    },
    "zerocrossingrate": {
        "dmean": 0.0137913273647,
        "dmean2": 0.0159351248294,
        "dvar": 0.000238425986026,
        "dvar2": 0.000324411317706,
        "max": 0.5263671875,
        "mean": 0.12482522428,
        "median": 0.083740234375,
        "min": 0.00390625,
        "var": 0.0175184831023
    },
    "barkbands": {
        "dmean": [2.0985626179e-05, 0.000605917186476, 0.00125777011272, 0.000482138129883, 0.00137182662729, 0.0012940246379, 0.000679082819261, 0.000812476733699, 0.00045446495642, 0.000460139854113, 0.000160088573466, 0.000197611341719, 0.000220950765652, 0.000285226939013, 0.000383652077289, 0.000331353396177, 0.000281134503894, 0.000326622423017, 0.000213917664951, 0.000261532957666, 0.000162632859428, 0.000169304854353, 0.000141201890074, 0.000105684324808, 0.000147427228512, 6.00326966378e-05, 2.09047948374e-06],
        "dmean2": [3.33287716785e-05, 0.00100857706275, 0.00208376371302, 0.000804060953669, 0.00225062808022, 0.00195369753055, 0.00111755798571, 0.00127614208031, 0.000675760384183, 0.000746656616684, 0.000250163342571, 0.000315002340358, 0.00035215067328, 0.000451805099146, 0.000611454364844, 0.00052518415032, 0.00044595010695, 0.000505151809193, 0.000323847110849, 0.0004108081921, 0.000239108892856, 0.000238663255004, 0.000202215625905, 0.000152620646986, 0.000208710785955, 8.87979113031e-05, 3.33562093147e-06],
        "dvar": [8.29575852457e-10, 9.18911723602e-07, 2.45090018325e-06, 7.73439239765e-07, 5.87394242757e-06, 5.59509589948e-06, 3.4178056012e-06, 4.10204756918e-06, 1.57500994646e-06, 1.1512462379e-06, 1.50226981077e-07, 2.16729944214e-07, 3.26032250086e-07, 6.55656492654e-07, 5.63120295283e-07, 5.48126934063e-07, 3.71149525336e-07, 4.6328341341e-07, 1.31799168912e-07, 1.69380768966e-07, 1.18255002235e-07, 2.42223620717e-07, 1.33070358288e-07, 6.08739370023e-08, 1.57652792154e-07, 3.05437346526e-08, 5.02119457124e-11],
        "dvar2": [2.06709582784e-09, 2.04562979889e-06, 5.83640257901e-06, 2.04800267056e-06, 1.50061159729e-05, 1.29965246742e-05, 8.62454362505e-06, 8.86296675162e-06, 2.84798375105e-06, 3.09686924993e-06, 3.53042395318e-07, 5.12521694418e-07, 8.50877995617e-07, 1.78861023414e-06, 1.34892286496e-06, 1.36913877213e-06, 9.4542633633e-07, 1.08569872737e-06, 2.74655405974e-07, 4.06008837217e-07, 2.3806556726e-07, 3.64090624316e-07, 2.688718439e-07, 1.33567937155e-07, 3.30427752715e-07, 6.82001370933e-08, 1.19065521331e-10],
        "max": [0.000348292989656, 0.0154702849686, 0.0198265276849, 0.0153189375997, 0.0294126886874, 0.0266419053078, 0.0244594216347, 0.0299790538847, 0.0250192899257, 0.0104540083557, 0.00690154917538, 0.00722452579066, 0.00884798821062, 0.0195367410779, 0.01016197633, 0.0121076479554, 0.0113133732229, 0.0113243637607, 0.00826311949641, 0.00635720510036, 0.00695730792359, 0.0142635926604, 0.00550029799342, 0.00272224610671, 0.00436744093895, 0.00179523101542, 8.14555969555e-05],
        "mean": [3.92341498809e-05, 0.00109156069811, 0.00321563356556, 0.000896108453162, 0.00228488305584, 0.0022244353313, 0.00115561566781, 0.001320858486, 0.000712211534847, 0.000795887550339, 0.000224548508413, 0.000313823722536, 0.000341589795426, 0.00046249316074, 0.000680762634147, 0.000558774569072, 0.000549247604795, 0.000653516734019, 0.000477374444017, 0.000530533434357, 0.000333373667672, 0.000360355741577, 0.000250036187936, 0.000188381149201, 0.000176697823917, 6.13418087596e-05, 1.84559087302e-06],
        "median": [2.30311834457e-05, 0.000750070263166, 0.00232072686777, 0.000488516816404, 0.00127430981956, 0.000840461463667, 0.000323304557241, 0.000265329377726, 0.000159953342518, 0.000106889812741, 6.02273939876e-05, 0.000100134842796, 6.84510596329e-05, 9.63185593719e-05, 0.000183221767657, 0.000125658349134, 0.000185230921488, 0.000260451866779, 0.000258323911112, 0.000336655881256, 0.000190899794688, 0.000198049820028, 0.000134270856506, 0.00010075361206, 4.18561940023e-05, 5.54155712962e-06, 4.69035512651e-08],
        "min": [3.12663392759e-25, 1.82368607689e-24, 1.75220009331e-24, 7.31753390747e-25, 8.52562369951e-24, 1.09143055646e-23, 8.44294871006e-24, 3.5421377146e-24, 1.67598358697e-23, 1.48706023542e-23, 1.0509252311e-23, 2.31656388556e-23, 2.30265863439e-23, 4.42911540372e-23, 4.18537820993e-23, 4.03065955168e-23, 6.43850852793e-23, 8.8105362771e-23, 1.24374523999e-22, 1.55389682271e-22, 2.39199792076e-22, 3.25123683076e-22, 3.95072269843e-22, 5.99965952655e-22, 7.90857518483e-22, 1.31568488643e-21, 1.94397339421e-21],
        "var": [1.86439086391e-09, 1.68612427842e-06, 9.46645013755e-06, 1.5105492821e-06, 9.50158391788e-06, 1.44755767906e-05, 8.33019930724e-06, 1.08969616122e-05, 3.738051646e-06, 2.87455941361e-06, 2.41674939616e-07, 4.1158040176e-07, 6.40901532734e-07, 1.3419842162e-06, 1.75101740751e-06, 1.22154324345e-06, 9.57528300205e-07, 1.29365821522e-06, 4.20103020815e-07, 4.14832840079e-07, 2.83345457319e-07, 6.13068607436e-07, 2.23900713081e-07, 9.57934389589e-08, 2.10429334402e-07, 3.55469715885e-08, 4.72072034241e-11]
    },
    "erbbands": {
        "dmean": [0.00810739677399, 0.181188210845, 1.24849927425, 1.53744482994, 2.70507621765, 5.74324560165, 7.47775220871, 11.7099294662, 9.07714271545, 12.0242538452, 17.2303981781, 10.8798055649, 9.02618980408, 13.9298763275, 6.40512371063, 7.67831707001, 8.2240190506, 11.5375919342, 17.5866298676, 18.4448204041, 18.0155696869, 13.7540521622, 16.6470947266, 11.2270345688, 11.9073085785, 11.2694721222, 6.93435001373, 7.43231153488, 6.21154642105, 5.08574151993, 3.80078816414, 2.56761288643, 1.6546279192, 1.42826390266, 1.19784295559, 0.365892440081, 0.0830298140645, 0.0112801454961, 0.000335054879542, 1.63831773534e-05],
        "dmean2": [0.0135786635801, 0.299152195454, 2.07835698128, 2.49518418312, 4.56370210648, 9.33064365387, 11.8415651321, 17.7383136749, 14.7691698074, 18.8865280151, 26.5046520233, 15.7944602966, 13.9158773422, 22.9184970856, 9.84134197235, 12.0586452484, 12.9049501419, 18.5909900665, 28.879776001, 28.2907276154, 29.1452789307, 21.1137771606, 25.3509292603, 16.8953704834, 18.3904495239, 17.4327869415, 10.5365686417, 10.9003562927, 8.75668621063, 7.43069267273, 5.36768198013, 3.70113587379, 2.38763380051, 2.02301049232, 1.72555720806, 0.539040744305, 0.122119292617, 0.0169785693288, 0.000522357702721, 2.30116947932e-05],
        "dvar": [0.00039005454164, 0.0667874217033, 2.27845478058, 5.24278211594, 23.7924003601, 119.075683594, 186.247299194, 562.994445801, 586.892272949, 977.59552002, 1661.03515625, 992.315734863, 376.968536377, 1255.25268555, 187.516662598, 323.40713501, 548.32824707, 878.108825684, 1686.25927734, 1437.36560059, 1815.29492188, 844.833312988, 1235.17871094, 347.04095459, 442.653198242, 337.684631348, 193.418121338, 299.717651367, 301.720703125, 189.479019165, 96.5358200073, 40.4766311646, 14.7530155182, 12.8984909058, 12.2452602386, 1.08914327621, 0.063683308661, 0.00118447234854, 1.24882308228e-06, 1.39114197939e-09],
        "dvar2": [0.000946816755459, 0.15128698945, 5.46794748306, 13.0117931366, 63.3479347229, 301.532226562, 458.304016113, 1349.2154541, 1546.54296875, 2545.37939453, 3513.10302734, 1731.53833008, 898.684631348, 3536.37451172, 411.700073242, 783.610351562, 1428.03942871, 2436.8894043, 4233.32275391, 3188.56298828, 4661.51416016, 2041.59680176, 2782.84960938, 760.778076172, 891.937927246, 800.162475586, 434.56652832, 616.832946777, 446.86605835, 370.231658936, 192.106689453, 88.9197235107, 32.468460083, 26.5036849976, 26.7170772552, 2.4291062355, 0.139723882079, 0.00272320420481, 3.00227816297e-06, 3.00068236925e-09],
        "max": [0.29221612215, 3.97162032127, 21.20936203, 34.9853363037, 57.0964851379, 117.811164856, 145.132614136, 254.362319946, 372.907073975, 478.705474854, 626.70135498, 631.907958984, 261.182312012, 433.111083984, 280.951507568, 372.268768311, 436.969482422, 576.105407715, 672.594665527, 590.870239258, 642.905212402, 472.844696045, 564.560424805, 267.010620117, 537.026245117, 318.849487305, 257.990264893, 389.28994751, 474.021179199, 337.715087891, 138.693740845, 100.976242065, 49.5199661255, 43.9087295532, 41.7078704834, 9.90548706055, 2.49970889091, 0.313466876745, 0.0115800043568, 0.000375802075723],
        "mean": [0.0139673054218, 0.355156093836, 3.17921352386, 3.6177713871, 4.38465595245, 8.5845746994, 12.9143953323, 19.4365615845, 15.6289129257, 20.4906101227, 29.2122859955, 17.4502906799, 16.6669158936, 23.7281036377, 10.5200433731, 13.497961998, 14.4095144272, 20.0525455475, 37.3105392456, 31.0051994324, 32.0416374207, 29.9775886536, 36.718460083, 25.8195896149, 27.7051181793, 23.854019165, 14.1471805573, 14.3752746582, 12.9794883728, 10.5556907654, 6.44296169281, 4.36874341965, 2.87630796432, 1.95838391781, 1.30277001858, 0.387203812599, 0.0825793221593, 0.0106096165255, 0.000314920675009, 3.80252931791e-05],
        "median": [0.00917541142553, 0.257368683815, 2.37446165085, 2.58767485619, 2.79086065292, 4.17963123322, 5.93339729309, 6.54582500458, 6.06302785873, 5.91287612915, 7.04182100296, 5.13808250427, 4.26026058197, 4.19060516357, 3.85006904602, 4.4161529541, 3.51614236832, 4.9060254097, 6.84368991852, 10.9006309509, 9.35049057007, 9.45952033997, 13.9665985107, 13.0984535217, 17.8491020203, 14.2879180908, 8.30250167847, 7.34296941757, 6.65317773819, 6.8042178154, 3.07328510284, 2.27433609962, 1.4818341732, 0.64194893837, 0.214977309108, 0.047300927341, 0.0063419174403, 0.000529508339241, 3.33814386977e-05, 3.09753595502e-05],
        "min": [3.58912873877e-23, 5.73949092809e-22, 3.14868461016e-21, 4.81781856207e-21, 8.60517768385e-21, 2.45261458847e-20, 6.41717348813e-20, 9.69975186111e-20, 9.74696965692e-20, 1.44868121483e-19, 1.56954445154e-19, 4.18569830167e-19, 4.8413076965e-19, 7.49073514526e-19, 7.43807992939e-19, 1.42514120556e-18, 1.58280865455e-18, 2.23710396959e-18, 2.42065886303e-18, 2.81672700239e-18, 3.39909668842e-18, 3.59480410583e-18, 4.89151063205e-18, 5.63526594392e-18, 7.21655858321e-18, 8.156281254e-18, 9.29348336987e-18, 9.1181599575e-18, 1.14698319574e-17, 1.18481620358e-17, 1.10287395502e-17, 1.16886708603e-17, 1.02242964783e-17, 7.28122342759e-18, 6.42304422158e-18, 4.25359845622e-18, 2.3606723454e-18, 9.86070220901e-19, 2.58092060892e-19, 2.62568452174e-20],
        "var": [0.000445417128503, 0.14039580524, 8.73789405823, 15.8590183258, 30.5194816589, 192.229904175, 370.166229248, 1291.05334473, 1269.39685059, 2128.42749023, 4209.19238281, 2331.03125, 987.236816406, 2802.17944336, 386.079376221, 677.513122559, 1076.09594727, 1676.8059082, 6196.22167969, 3270.30541992, 3722.72094727, 2706.74731445, 3981.81103516, 1148.18029785, 1450.83178711, 860.136901855, 446.929107666, 650.971191406, 809.92376709, 357.122375488, 164.64743042, 60.4672698975, 22.6752052307, 19.1206741333, 14.72514534, 1.29225349426, 0.0729736536741, 0.00126741651911, 1.18813352401e-06, 2.16154183441e-09]
    },
    "gfcc": {
        "mean": [-142.739257812, 67.2459487915, -102.529777527, 47.0452461243, -60.2460250854, 7.11975193024, -41.9743881226, 7.39289999008, -22.4558086395, 0.0519907698035, -13.7622270584, -2.50724005699, -9.88542366028],
        "cov": [[148997.8125, 7932.86181641, -14766.9707031, 6767.00634766, -8005.00488281, 2334.68774414, -4923.64794922, 1968.3782959, -2770.98779297, -22.1948318481, -2860.92163086, -1245.42468262, -1948.33361816], [7932.86181641, 2234.80859375, -653.273864746, 419.176727295, -344.342010498, -230.921142578, -350.37387085, -163.045257568, -99.167098999, -203.978683472, 133.979629517, -67.1175994873, -30.1729183197], [-14766.9707031, -653.273864746, 1965.21899414, -625.13079834, 816.654846191, -335.888153076, 444.329376221, -262.594055176, 205.318313599, -5.23366355896, 287.011260986, 184.204086304, 180.727966309], [6767.00634766, 419.176727295, -625.13079834, 632.093811035, -317.255523682, -2.24271845818, -312.391357422, 86.0303726196, -72.971572876, -55.2653465271, -103.476234436, -38.2795600891, -41.8620643616], [-8005.00488281, -344.342010498, 816.654846191, -317.255523682, 595.29486084, -133.324249268, 259.884552002, -102.701316833, 176.006652832, -22.2484493256, 127.720359802, 27.2211952209, 104.437683105], [2334.68774414, -230.921142578, -335.888153076, -2.24271845818, -133.324249268, 320.971923828, 90.7844009399, 94.0586242676, -74.6100540161, 34.0741691589, -129.658737183, -90.8111190796, -81.4064102173], [-4923.64794922, -350.37387085, 444.329376221, -312.391357422, 259.884552002, 90.7844009399, 360.036376953, -12.4895057678, 97.9064025879, 3.44266319275, 56.8546333313, -24.6826286316, 9.00213718414], [1968.3782959, -163.045257568, -262.594055176, 86.0303726196, -102.701316833, 94.0586242676, -12.4895057678, 159.839828491, 35.4464836121, 46.033821106, -94.0562820435, -63.8431663513, -58.4723739624], [-2770.98779297, -99.167098999, 205.318313599, -72.971572876, 176.006652832, -74.6100540161, 97.9064025879, 35.4464836121, 196.95866394, 19.1197929382, 64.8007125854, -19.1389255524, 23.3742542267], [-22.1948318481, -203.978683472, -5.23366355896, -55.2653465271, -22.2484493256, 34.0741691589, 3.44266319275, 46.033821106, 19.1197929382, 95.8801040649, -15.0020008087, -5.67492437363, -25.6383781433], [-2860.92163086, 133.979629517, 287.011260986, -103.476234436, 127.720359802, -129.658737183, 56.8546333313, -94.0562820435, 64.8007125854, -15.0020008087, 166.105072021, 72.3333435059, 61.0292396545], [-1245.42468262, -67.1175994873, 184.204086304, -38.2795600891, 27.2211952209, -90.8111190796, -24.6826286316, -63.8431663513, -19.1389255524, -5.67492437363, 72.3333435059, 129.935470581, 60.8047981262], [-1948.33361816, -30.1729183197, 180.727966309, -41.8620643616, 104.437683105, -81.4064102173, 9.00213718414, -58.4723739624, 23.3742542267, -25.6383781433, 61.0292396545, 60.8047981262, 90.741569519]],
        "icov": [[0.000234929830185, -0.00062316848198, 0.000464608427137, -0.000632267154288, 0.000557180726901, -0.000576524063945, 0.000692855508532, -0.000704809441231, 0.000650035392027, -0.000575872778427, 0.00150463101454, -0.00101324752904, 0.00127544568386], [-0.00062316848198, 0.00303054135293, -0.000879470841028, 0.00163972063456, -0.000836110382807, 0.00238829036243, -0.00116099859588, 0.00308533059433, -0.00153965549543, 0.00371305993758, -0.00640233792365, 0.00502432696521, -0.00227127806284], [0.000464608427137, -0.000879470841028, 0.00339462491684, -0.00138482649345, -0.000515443040058, 0.00158632081002, -0.00129518145695, 0.000730143743567, 0.00186387379654, -0.00240785884671, 0.00373444380239, -0.00346088595688, 0.00354578020051], [-0.000632267154288, 0.00163972063456, -0.00138482649345, 0.00580518785864, -0.000898478087038, 0.000612438598182, 0.00186065351591, -0.000235175160924, -0.00269277044572, 0.00539133418351, -0.00444348249584, 0.00314800278284, -0.00325068994425], [0.000557180726901, -0.000836110382807, -0.000515443040058, -0.000898478087038, 0.00809711776674, -0.000933615490794, 0.00102478393819, 0.000757684640121, -0.00184522185009, 0.000580832012929, 0.00411006482318, 0.00126756692771, -0.000447042344604], [-0.000576524063945, 0.00238829036243, 0.00158632081002, 0.000612438598182, -0.000933615490794, 0.0140021629632, -0.0102357631549, 0.00301235448569, 0.00324381655082, -0.00188449840061, 6.4493600803e-05, 0.00463168649003, -0.00238371919841], [0.000692855508532, -0.00116099859588, -0.00129518145695, 0.00186065351591, 0.00102478393819, -0.0102357631549, 0.0165271237493, -0.00564647372812, -0.00122305250261, 0.00612977612764, -0.00260000559501, 0.000160685973242, 0.00597604410723], [-0.000704809441231, 0.00308533059433, 0.000730143743567, -0.000235175160924, 0.000757684640121, 0.00301235448569, -0.00564647372812, 0.0251189954579, -0.0116511192173, -0.00316579965875, 0.00517097115517, 0.00218243198469, 7.34651257517e-05], [0.000650035392027, -0.00153965549543, 0.00186387379654, -0.00269277044572, -0.00184522185009, 0.00324381655082, -0.00122305250261, -0.0116511192173, 0.0177955906838, -0.00420401990414, -0.00351239950396, 0.0026402012445, 0.00095931586111], [-0.000575872778427, 0.00371305993758, -0.00240785884671, 0.00539133418351, 0.000580832012929, -0.00188449840061, 0.00612977612764, -0.00316579965875, -0.00420401990414, 0.0235283169895, -0.010440370068, 0.00441500544548, 0.00293961795978], [0.00150463101454, -0.00640233792365, 0.00373444380239, -0.00444348249584, 0.00411006482318, 6.4493600803e-05, -0.00260000559501, 0.00517097115517, -0.00351239950396, -0.010440370068, 0.0342660434544, -0.0171033814549, 0.00597681850195], [-0.00101324752904, 0.00502432696521, -0.00346088595688, 0.00314800278284, 0.00126756692771, 0.00463168649003, 0.000160685973242, 0.00218243198469, 0.0026402012445, 0.00441500544548, -0.0171033814549, 0.0269853658974, -0.0136652337387], [0.00127544568386, -0.00227127806284, 0.00354578020051, -0.00325068994425, -0.000447042344604, -0.00238371919841, 0.00597604410723, 7.34651257517e-05, 0.00095931586111, 0.00293961795978, 0.00597681850195, -0.0136652337387, 0.0326398573816]]
    },
    "melbands": {
        "dmean": [0.000112401728984, 0.000497896689922, 0.000263155612629, 0.000296666228678, 0.000257555569988, 0.0002530401689, 0.000139144860441, 0.000147486120113, 0.000131953784148, 6.42159720883e-05, 4.81188544654e-05, 6.2716913817e-05, 2.2424996132e-05, 2.29649758694e-05, 2.10573325603e-05, 1.9332723241e-05, 2.41987781919e-05, 3.15021279675e-05, 2.60193410213e-05, 2.24391260417e-05, 2.40825975197e-05, 1.45068215716e-05, 1.80506085599e-05, 1.76572793862e-05, 9.32552484301e-06, 7.97677967057e-06, 1.00969855339e-05, 7.976105735e-06, 5.59150339541e-06, 3.51919607056e-06, 4.84809970658e-06, 3.71416217604e-06, 3.51549851985e-06, 2.86607541966e-06, 2.44971920438e-06, 1.82029498319e-06, 1.62013566296e-06, 1.32118611873e-06, 9.03049624412e-07, 1.3822677829e-06],
        "dmean2": [0.000188155085198, 0.000822195259389, 0.000429698236985, 0.000488895515446, 0.000409302389016, 0.000384320737794, 0.000228590564802, 0.000231173602515, 0.000201622970053, 9.37713703024e-05, 7.41464318708e-05, 0.000103099111584, 3.48651774402e-05, 3.66802378267e-05, 3.34904543706e-05, 3.04956738546e-05, 3.91276007576e-05, 5.18118395121e-05, 4.03415688197e-05, 3.4286716982e-05, 3.92534420826e-05, 2.26793108595e-05, 2.75742440863e-05, 2.6637377232e-05, 1.45520307342e-05, 1.19281039588e-05, 1.60832914844e-05, 1.26009499581e-05, 8.80835432326e-06, 5.34321316081e-06, 7.31120508135e-06, 5.39036909686e-06, 5.07393406224e-06, 4.3771115088e-06, 3.57245630767e-06, 2.62187973021e-06, 2.41419525082e-06, 1.94031167666e-06, 1.33485661991e-06, 2.01132661459e-06],
        "dvar": [4.67109195768e-08, 3.47954255631e-07, 1.42946277037e-07, 3.0180163435e-07, 1.94764012917e-07, 2.41152406488e-07, 1.32044362999e-07, 1.26891478658e-07, 8.74288232922e-08, 3.14733270557e-08, 1.11480158438e-08, 2.49298750532e-08, 2.69053512802e-09, 2.97072788591e-09, 3.12610026754e-09, 2.35691266504e-09, 4.56161153295e-09, 5.8433959893e-09, 2.66966648788e-09, 2.70930300417e-09, 3.52228579636e-09, 1.15992992988e-09, 1.52258894381e-09, 1.5207310966e-09, 2.58484095239e-10, 1.83731141412e-10, 2.64406829764e-10, 2.09703254761e-10, 1.23532906127e-10, 5.1311184468e-11, 1.43970682598e-10, 1.12407298747e-10, 8.70856789459e-11, 5.58884293012e-11, 4.1259978073e-11, 2.36989247671e-11, 1.49183478071e-11, 1.02081121334e-11, 4.52917781404e-12, 1.3031418826e-11],
        "dvar2": [1.0477937451e-07, 8.26535369924e-07, 3.60735441518e-07, 7.64499702655e-07, 4.84900056108e-07, 5.71203713662e-07, 3.3927292975e-07, 3.13059388191e-07, 1.79072983997e-07, 5.6964172046e-08, 2.65026756097e-08, 7.01404943015e-08, 6.09889516667e-09, 7.02620894799e-09, 7.84322562453e-09, 6.18663476004e-09, 1.29121913162e-08, 1.50743382221e-08, 5.9925198137e-09, 6.15100237411e-09, 9.08498876129e-09, 2.89553225841e-09, 3.66049390799e-09, 3.24557736242e-09, 5.87044801659e-10, 3.82500170426e-10, 5.86561965665e-10, 5.28406651767e-10, 2.98408658894e-10, 1.02050048967e-10, 3.01492386612e-10, 1.74462319591e-10, 1.46246972865e-10, 1.21034543499e-10, 8.61859403289e-11, 4.91103234468e-11, 3.44711099942e-11, 2.30430882708e-11, 1.03167942939e-11, 2.72307038029e-11],
        "max": [0.00346508389339, 0.00782050192356, 0.00547980237752, 0.00671768840402, 0.0040129115805, 0.00529486965388, 0.00548781268299, 0.00476722139865, 0.00412754574791, 0.00350365345366, 0.00130750983953, 0.00183380674571, 0.000809598830529, 0.000779241265263, 0.00101830321364, 0.000659027660731, 0.00144691974856, 0.00126900256146, 0.000806264288258, 0.00118185335305, 0.000766099023167, 0.000641474500299, 0.000585391477216, 0.000865281559527, 0.000250884448178, 0.000336666882504, 0.000286845199298, 0.000250148237683, 0.000150544845383, 0.000146536753164, 0.000265976181254, 0.00029042395181, 0.000243238566327, 0.000149681116454, 7.51652769395e-05, 8.37845145725e-05, 5.4859683587e-05, 4.25539183198e-05, 2.42655660259e-05, 4.49829240097e-05],
        "mean": [0.000200892813154, 0.00126337481197, 0.000647351029329, 0.000469946826342, 0.000454639346572, 0.000429251842434, 0.000242729176534, 0.000248787400778, 0.000221620502998, 9.90677654045e-05, 8.60558793647e-05, 0.000104258579086, 3.3328855352e-05, 3.58292018063e-05, 3.36363664246e-05, 3.22071391565e-05, 3.71315509256e-05, 6.19580314378e-05, 4.32664492109e-05, 3.64308325516e-05, 3.87369764212e-05, 2.87544062303e-05, 3.3552700188e-05, 3.45285225194e-05, 1.90071896213e-05, 1.72249656316e-05, 2.19698231376e-05, 1.45038866322e-05, 9.60499983194e-06, 7.3903743214e-06, 8.47708543006e-06, 7.35003231966e-06, 6.92267894919e-06, 5.496688118e-06, 3.92391575588e-06, 2.76146511169e-06, 2.7223638881e-06, 2.18690661313e-06, 1.48576009451e-06, 1.74263300323e-06],
        "median": [0.000145688041812, 0.0010307651246, 0.000504459894728, 0.000250855722697, 0.000229088502238, 0.000149403553223, 8.81148807821e-05, 6.73019967508e-05, 5.22082336829e-05, 2.33707323787e-05, 1.86507531907e-05, 1.57386457431e-05, 1.09012662506e-05, 1.19293381431e-05, 8.98102007341e-06, 6.86199064148e-06, 8.44594251248e-06, 9.1121009973e-06, 1.29153877424e-05, 9.76960654953e-06, 1.0899571862e-05, 9.27438486542e-06, 1.01770328911e-05, 1.23979261843e-05, 9.28557528823e-06, 9.91769866232e-06, 1.42585158756e-05, 7.79949004936e-06, 4.49660956292e-06, 4.2279734771e-06, 3.92708352592e-06, 3.65582786799e-06, 3.82545886168e-06, 3.57468297807e-06, 1.72056331849e-06, 1.26856389215e-06, 1.39220901474e-06, 1.08582923986e-06, 7.18158730706e-07, 4.61481050706e-07],
        "min": [5.0841858544e-25, 1.3071069226e-24, 1.04256340411e-24, 1.37958598346e-24, 2.35864322508e-24, 2.41069621191e-24, 1.63187829488e-24, 1.38316810222e-24, 1.27610537928e-24, 2.24228012789e-24, 2.01209820714e-24, 2.51375063399e-24, 1.60726810261e-24, 3.21155214163e-24, 3.44180486264e-24, 2.91325799817e-24, 3.37219025434e-24, 3.57789914601e-24, 3.71536052533e-24, 3.87675397236e-24, 3.89145912849e-24, 3.49095760236e-24, 4.39060337209e-24, 3.99990068169e-24, 3.85080320959e-24, 3.8540789545e-24, 3.30872639452e-24, 3.94174822234e-24, 4.44791530015e-24, 5.71126578467e-24, 5.01769375477e-24, 5.67414001832e-24, 5.17144195634e-24, 5.91329424579e-24, 5.66262107138e-24, 5.74978428495e-24, 6.80815202426e-24, 5.78795016441e-24, 6.58745635311e-24, 5.71972237357e-24],
        "var": [6.78218370354e-08, 1.25466317513e-06, 3.91292360291e-07, 4.42781526999e-07, 3.89529304812e-07, 5.88237298871e-07, 3.1026397096e-07, 3.08917634584e-07, 2.23457703896e-07, 7.26688043073e-08, 2.90253545643e-08, 5.63067423798e-08, 4.72109151772e-09, 5.59453861015e-09, 6.12694028845e-09, 5.0497468429e-09, 7.58772777942e-09, 1.85409518849e-08, 6.33989483134e-09, 5.80382009119e-09, 6.26204155196e-09, 2.91577295641e-09, 3.57953333641e-09, 4.73219063934e-09, 6.71587230272e-10, 5.67866420553e-10, 7.8878614751e-10, 4.02786026754e-10, 2.42592668176e-10, 1.34544139718e-10, 2.79716527718e-10, 2.93383289884e-10, 2.0231473441e-10, 8.97217924956e-11, 6.63029561809e-11, 3.41279123017e-11, 2.17196607921e-11, 1.44753644835e-11, 6.61788852885e-12, 1.8205617569e-11]
    },
    "mfcc": {
        "mean": [-699.336547852, 80.7963943481, 8.97456264496, 31.6850070953, 4.89876413345, 0.321219950914, -5.60454082489, 0.468539774418, -4.08835411072, -0.0214983318001, -1.85338711739, -3.48406147957, -0.247881963849],
        "cov": [[40404.3945312, 3659.92578125, -702.684204102, 1524.29870605, -166.360748291, 193.830184937, -188.842468262, 343.096069336, 278.278381348, 534.02331543, 93.4073028564, -420.947662354, -294.887573242], [3659.92578125, 2230.88549805, 307.079681396, 526.081420898, 151.323745728, -11.7397289276, -76.9090957642, 20.6051101685, -194.570983887, -96.2714691162, -30.8864803314, -28.3801746368, 51.2840538025], [-702.684204102, 307.079681396, 458.165344238, 184.888137817, 39.7543067932, -19.7362670898, -25.7139148712, -40.7382659912, -110.229743958, -104.805335999, -76.6793060303, 32.5119094849, 53.338394165], [1524.29870605, 526.081420898, 184.888137817, 513.261657715, 196.113204956, -78.8956298828, -137.907211304, 4.80502080917, -47.3185272217, -84.5612335205, -90.3707809448, 37.8183784485, 80.5364837646], [-166.360748291, 151.323745728, 39.7543067932, 196.113204956, 203.454025269, -39.6997756958, -79.2138214111, -35.8469963074, -12.6805210114, -42.7543983459, -44.8390541077, 6.96294736862, 25.1431026459], [193.830184937, -11.7397289276, -19.7362670898, -78.8956298828, -39.6997756958, 116.812583923, 85.6379547119, 14.9519519806, -3.93844246864, 15.9766616821, 17.1147041321, -49.4272041321, -51.5527191162], [-188.842468262, -76.9090957642, -25.7139148712, -137.907211304, -79.2138214111, 85.6379547119, 137.139709473, 24.9298191071, 2.04092335701, 26.556306839, 30.3519496918, -40.3912010193, -55.6486740112], [343.096069336, 20.6051101685, -40.7382659912, 4.80502080917, -35.8469963074, 14.9519519806, 24.9298191071, 80.0180664062, 22.0322742462, 8.59776973724, 3.9934630394, -7.53619241714, 3.00890898705], [278.278381348, -194.570983887, -110.229743958, -47.3185272217, -12.6805210114, -3.93844246864, 2.04092335701, 22.0322742462, 110.823097229, 78.1962280273, 27.6071777344, 11.402973175, -6.86785984039], [534.02331543, -96.2714691162, -104.805335999, -84.5612335205, -42.7543983459, 15.9766616821, 26.556306839, 8.59776973724, 78.1962280273, 127.77822113, 63.1112251282, -0.0577945783734, -14.7988576889], [93.4073028564, -30.8864803314, -76.6793060303, -90.3707809448, -44.8390541077, 17.1147041321, 30.3519496918, 3.9934630394, 27.6071777344, 63.1112251282, 85.1777114868, 18.8409347534, -16.2180747986], [-420.947662354, -28.3801746368, 32.5119094849, 37.8183784485, 6.96294736862, -49.4272041321, -40.3912010193, -7.53619241714, 11.402973175, -0.0577945783734, 18.8409347534, 97.2212295532, 58.2394943237], [-294.887573242, 51.2840538025, 53.338394165, 80.5364837646, 25.1431026459, -51.5527191162, -55.6486740112, 3.00890898705, -6.86785984039, -14.7988576889, -16.2180747986, 58.2394943237, 94.9787597656]],
