{
"lowlevel": {
    "average_loudness": 0.884863197803,
    "barkbands_crest": {
        "dmean": 1.89617931843,
        "dmean2": 3.07951593399,
        "dvar": 3.87228178978,
        "dvar2": 9.32331371307,
        "max": 25.3629894257,
        "mean": 10.1087303162,
        "median": 8.69732284546,
        "min": 2.19360160828,
        "var": 22.5711421967
    },
    "barkbands_flatness_db": {
        "dmean": 0.0150476107374,
        "dmean2": 0.0228489991277,
        "dvar": 0.000189515456441,
        "dvar2": 0.000425965321483,
        "max": 0.389718055725,
        "mean": 0.144391670823,
        "median": 0.11020411551,
        "min": 0.0284343585372,
        "var": 0.00813546776772
    },
    "barkbands_kurtosis": {
        "dmean": 1.89395523071,
        "dmean2": 2.99696135521,
        "dvar": 21.7318973541,
        "dvar2": 52.8358459473,
        "max": 122.206581116,
        "mean": 4.06628370285,
        "median": 1.89997267723,
        "min": -1.77536094189,
        "var": 60.6318626404
    },
    "barkbands_skewness": {
        "dmean": 0.395770728588,
        "dmean2": 0.609417080879,
        "dvar": 0.20830526948,
        "dvar2": 0.46304872632,
        "max": 9.42918777466,
        "mean": 0.759733557701,
        "median": 0.986280441284,
        "min": -2.15879535675,
        "var": 2.13075733185
    },
    "barkbands_spread": {
        "dmean": 5.43632125854,
        "dmean2": 8.51366519928,
        "dvar": 42.6395111084,
        "dvar2": 91.1768417358,
        "max": 101.739685059,
        "mean": 27.6603488922,
        "median": 27.3723831177,
        "min": 1.48357272148,
        "var": 323.257476807
    },
    "dissonance": {
        "dmean": 0.0141166280955,
        "dmean2": 0.0233269110322,
        "dvar": 0.000276368809864,
        "dvar2": 0.000760547176469,
        "max": 0.499590456486,
        "mean": 0.464201062918,
        "median": 0.476741492748,
        "min": 0.260680377483,
        "var": 0.00134988559876
    },
    "dynamic_complexity": 4.69365358353,
    "erbbands_crest": {
        "dmean": 2.3627076149,
        "dmean2": 3.7944829464,
        "dvar": 6.95752096176,
        "dvar2": 17.9323234558,
        "max": 28.8575572968,
        "mean": 8.83281993866,
        "median": 7.73052120209,
        "min": 2.35721683502,
        "var": 28.7466220856
    },
    "erbbands_flatness_db": {
        "dmean": 0.0136402007192,
        "dmean2": 0.0200109351426,
        "dvar": 0.000186461315025,
        "dvar2": 0.000402403151384,
        "max": 0.317756712437,
        "mean": 0.16016279161,
        "median": 0.152822852135,
        "min": 0.0477779656649,
        "var": 0.0036282541696
    },
    "erbbands_kurtosis": {
        "dmean": 1.35475111008,
        "dmean2": 2.09161305428,
        "dvar": 6.41164779663,
        "dvar2": 14.8165044785,
        "max": 45.7542572021,
        "mean": 2.76374745369,
        "median": -0.0516781806946,
        "min": -1.68639063835,
        "var": 48.3757705688
    },
    "erbbands_skewness": {
        "dmean": 0.348006427288,
        "dmean2": 0.529331207275,
        "dvar": 0.127255469561,
        "dvar2": 0.295600295067,
        "max": 5.55471277237,
        "mean": 0.393743634224,
        "median": -0.111478880048,
        "min": -2.25545454025,
        "var": 2.28890490532
    },
    "erbbands_spread": {
        "dmean": 6.77423334122,
        "dmean2": 10.6092567444,
        "dvar": 57.8291625977,
        "dvar2": 123.984466553,
        "max": 104.966438293,
        "mean": 39.0648765564,
        "median": 37.3000335693,
        "min": 3.93902826309,
        "var": 439.89440918
    },
    "hfc": {
        "dmean": 5.24050140381,
        "dmean2": 6.87027311325,
        "dvar": 112.319694519,
        "dvar2": 201.458877563,
        "max": 150.148742676,
        "mean": 20.6004753113,
        "median": 13.9844846725,
        "min": 1.06888536834e-16,
        "var": 535.425842285
    },
    "melbands_crest": {
        "dmean": 2.36246132851,
        "dmean2": 3.87795782089,
        "dvar": 5.72008085251,
        "dvar2": 14.6662731171,
        "max": 30.6769657135,
        "mean": 12.8381090164,
        "median": 13.341255188,
        "min": 1.61460959911,
        "var": 44.9110679626
    },
    "melbands_flatness_db": {
        "dmean": 0.0169262513518,
        "dmean2": 0.0256294477731,
        "dvar": 0.000316907564411,
        "dvar2": 0.000713011540938,
        "max": 0.473017722368,
        "mean": 0.174177035689,
        "median": 0.142772167921,
        "min": 0.00258678174578,
        "var": 0.0167219080031
    },
    "melbands_kurtosis": {
        "dmean": 4.08838129044,
        "dmean2": 6.56852531433,
        "dvar": 41.878944397,
        "dvar2": 102.286453247,
        "max": 88.4921340942,
        "mean": 8.99883556366,
        "median": 5.21001768112,
        "min": -1.63588726521,
        "var": 156.638916016
    },
    "melbands_skewness": {
        "dmean": 0.51140499115,
        "dmean2": 0.79243606329,
        "dvar": 0.352516025305,
        "dvar2": 0.774880111217,
        "max": 7.91827440262,
        "mean": 1.91665911674,
        "median": 1.8054125309,
        "min": -0.386219710112,
        "var": 2.11016821861
    },
    "melbands_spread": {
        "dmean": 8.27510356903,
        "dmean2": 13.0299196243,
        "dvar": 96.6446075439,
        "dvar2": 214.270355225,
        "max": 155.168563843,
        "mean": 46.5190315247,
        "median": 32.3684692383,
        "min": 1.28084623814,
        "var": 1886.97070312
    },
    "pitch_salience": {
        "dmean": 0.0454090200365,
        "dmean2": 0.0718170180917,
        "dvar": 0.0021118093282,
        "dvar2": 0.0049894368276,
        "max": 0.858017265797,
        "mean": 0.57182943821,
        "median": 0.557243287563,
        "min": 0.15921407938,
        "var": 0.0195799786597
    },
    "silence_rate_20dB": {
        "dmean": 0,
        "dmean2": 0,
        "dvar": 0,
        "dvar2": 0,
        "max": 1,
        "mean": 1,
        "median": 1,
        "min": 1,
        "var": 0
    },
    "silence_rate_30dB": {
        "dmean": 0,
        "dmean2": 0,
        "dvar": 0,
        "dvar2": 0,
        "max": 1,
        "mean": 1,
        "median": 1,
        "min": 1,
        "var": 0
    },
    "silence_rate_60dB": {
        "dmean": 0.00127713917755,
        "dmean2": 0.00255754473619,
        "dvar": 0.00127550191246,
        "dvar2": 0.00255100848153,
        "max": 1,
        "mean": 0.283163279295,
        "median": 0,
        "min": 0,
        "var": 0.202981680632
    },
    "spectral_centroid": {
        "dmean": 271.902679443,
        "dmean2": 437.299865723,
        "dvar": 202877.0625,
        "dvar2": 485154.53125,
        "max": 11767.890625,
        "mean": 3068.75512695,
        "median": 1886.05517578,
        "min": 219.04675293,
        "var": 12569391
    },
    "spectral_complexity": {
        "dmean": 2.70370364189,
        "dmean2": 4.09335041046,
        "dvar": 13.8252038956,
        "dvar2": 24.0002822876,
        "max": 51,
        "mean": 16.3928565979,
        "median": 16,
        "min": 0,
        "var": 191.15385437
    },
    "spectral_decrease": {
        "dmean": 9.62460888765e-10,
        "dmean2": 1.47146905771e-09,
        "dvar": 1.34299451931e-18,
        "dvar2": 3.18457070528e-18,
        "max": 2.38496355031e-28,
        "mean": -4.4523624787e-09,
        "median": -4.989348934e-09,
        "min": -1.34697257792e-08,
        "var": 1.14953016757e-17
    },
    "spectral_energy": {
        "dmean": 0.00391795532778,
        "dmean2": 0.00581252621487,
        "dvar": 2.17918804992e-05,
        "dvar2": 5.0550836022e-05,
        "max": 0.054839476943,
        "mean": 0.0186727829278,
        "median": 0.0205744430423,
        "min": 1.00964922398e-20,
        "var": 0.000205533768167
    },
    "spectral_energyband_high": {
        "dmean": 0.000459686852992,
        "dmean2": 0.000630785652902,
        "dvar": 1.55376551447e-06,
        "dvar2": 2.8350921184e-06,
        "max": 0.0186824034899,
        "mean": 0.00108047982212,
        "median": 0.00047204591101,
        "min": 7.21534946487e-21,
        "var": 3.34761489285e-06
    },
    "spectral_energyband_low": {
        "dmean": 0.00164982094429,
        "dmean2": 0.0027177031152,
        "dvar": 5.08021048518e-06,
        "dvar2": 1.2196634998e-05,
        "max": 0.0249194856733,
        "mean": 0.00496975565329,
        "median": 0.00497514242306,
        "min": 7.90579675361e-24,
        "var": 1.95786305994e-05
    },
    "spectral_energyband_middle_high": {
        "dmean": 0.00120933307335,
        "dmean2": 0.00167634210084,
        "dvar": 3.66347057934e-06,
        "dvar2": 7.00919144947e-06,
        "max": 0.0292838197201,
        "mean": 0.00475006643683,
        "median": 0.00203762808815,
        "min": 1.15498990632e-21,
        "var": 3.69028930436e-05
    },
    "spectral_energyband_middle_low": {
        "dmean": 0.00312631228007,
        "dmean2": 0.00474387127906,
        "dvar": 1.70573875948e-05,
        "dvar2": 4.1551043978e-05,
        "max": 0.0406893156469,
        "mean": 0.00838059652597,
        "median": 0.00684005673975,
        "min": 1.29469505217e-22,
        "var": 6.22284642304e-05
    },
    "spectral_entropy": {
        "dmean": 0.107329659164,
        "dmean2": 0.159336805344,
        "dvar": 0.016167698428,
        "dvar2": 0.0337556526065,
        "max": 9.83334350586,
        "mean": 7.80729627609,
        "median": 7.82945156097,
        "min": 4.99870491028,
        "var": 1.39068007469
    },
    "spectral_flux": {
        "dmean": 0.0124629596248,
        "dmean2": 0.0195429529995,
        "dvar": 0.000204257274163,
        "dvar2": 0.000491906132083,
        "max": 0.191299438477,
        "mean": 0.0594053380191,
        "median": 0.0642891451716,
        "min": 6.20101262006e-11,
        "var": 0.00213744957
    },
    "spectral_kurtosis": {
        "dmean": 1.36022734642,
        "dmean2": 2.3480257988,
        "dvar": 5.13445186615,
        "dvar2": 16.3960056305,
        "max": 29.5310134888,
        "mean": 4.10203123093,
        "median": 2.30758142471,
        "min": -1.27928423882,
        "var": 33.9050369263
    },
    "spectral_rms": {
        "dmean": 0.000388971238863,
        "dmean2": 0.000578293867875,
        "dvar": 2.11548609741e-07,
        "dvar2": 4.80691653593e-07,
        "max": 0.00731450133026,
        "mean": 0.00357095664367,
        "median": 0.00448023388162,
        "min": 3.13850855027e-12,
        "var": 5.46558703718e-06
    },
    "spectral_rolloff": {
        "dmean": 595.833557129,
        "dmean2": 975.797180176,
        "dvar": 861621.5625,
        "dvar2": 1789077.25,
        "max": 19595.2148438,
        "mean": 4633.01953125,
        "median": 2207.15332031,
        "min": 21.533203125,
        "var": 40935516
    },
    "spectral_skewness": {
        "dmean": 0.15996722877,
        "dmean2": 0.262903600931,
        "dvar": 0.0329978615046,
        "dvar2": 0.0957859531045,
        "max": 4.20298957825,
        "mean": 1.28598189354,
        "median": 1.11888587475,
        "min": -0.0692894011736,
        "var": 0.900902092457
    },
    "spectral_spread": {
        "dmean": 539376.125,
        "dmean2": 872590,
        "dvar": 1.97681754931e+12,
        "dvar2": 4.72946520883e+12,
        "max": 44990732,
        "mean": 10386147,
        "median": 4463018,
        "min": 2006595.125,
        "var": 1.78040990597e+14
    },
    "spectral_strongpeak": {
        "dmean": 0.451737493277,
        "dmean2": 0.795240998268,
        "dvar": 0.827599704266,
        "dvar2": 2.18387293816,
        "max": 8.60763835907,
        "mean": 0.782425165176,
        "median": 0.354834198952,
        "min": 0,
        "var": 1.39438533783
    },
    "zerocrossingrate": {
        "dmean": 0.0107265971601,
        "dmean2": 0.0135163990781,
        "dvar": 0.000209332676604,
        "dvar2": 0.000271131284535,
        "max": 0.53125,
        "mean": 0.141201093793,
        "median": 0.080078125,
        "min": 0.00390625,
        "var": 0.0268210433424
    },
    "barkbands": {
        "dmean": [1.59088685905e-05, 0.000566570670344, 0.00114535703324, 0.000373152986867, 0.00107541913167, 0.00137213733979, 0.000863489694893, 0.000764275493566, 0.000310482661007, 0.000318664388033, 0.000149915620568, 0.000198512221687, 0.000204781536013, 0.00028114480665, 0.000305198511342, 0.000342764717061, 0.000270253687631, 0.000268445874099, 0.000192752093426, 0.000182161151315, 0.000108901018393, 0.000113415553642, 7.92829887359e-05, 6.61583180772e-05, 7.49538085074e-05, 2.79064352071e-05, 1.07448158815e-06],
        "dmean2": [2.51588262472e-05, 0.000954162562266, 0.00189919641707, 0.00063108059112, 0.00174946186598, 0.00201520835981, 0.00143449672032, 0.0012250355212, 0.000468871148769, 0.000507839664351, 0.000233185142861, 0.000306973262923, 0.000322671578033, 0.000457420159364, 0.000496350228786, 0.000567621144, 0.000431966909673, 0.00043240407831, 0.000293208518997, 0.000296610232908, 0.000164615776157, 0.000170933111804, 0.000114003036288, 9.69066823018e-05, 0.000107830528577, 3.91246030631e-05, 1.72048817149e-06],
        "dvar": [6.04255478986e-10, 1.08788856323e-06, 2.83337908513e-06, 5.2597300737e-07, 4.86606040795e-06, 6.28061843599e-06, 5.5060518207e-06, 5.28569353264e-06, 6.37426751382e-07, 7.44670614949e-07, 1.8037205507e-07, 2.85620444629e-07, 3.62594391845e-07, 9.30788132791e-07, 4.78684910377e-07, 6.56648296626e-07, 4.22134291966e-07, 3.22959863297e-07, 1.48819054857e-07, 9.57563699444e-08, 5.69366171987e-08, 9.39649424936e-08, 5.65110340744e-08, 3.29217790807e-08, 8.11632716591e-08, 1.28556161272e-08, 3.07531569654e-11],
        "dvar2": [1.47120082783e-09, 2.44632860813e-06, 7.03825526216e-06, 1.51156064021e-06, 1.27299090309e-05, 1.41303307828e-05, 1.39433468576e-05, 1.12999568955e-05, 1.42444389439e-06, 1.99724149752e-06, 4.19116361172e-07, 6.26641224244e-07, 9.28624729113e-07, 2.64866775979e-06, 1.23696759147e-06, 1.73382636603e-06, 1.07222342649e-06, 8.31782415389e-07, 3.05835754943e-07, 2.27861761459e-07, 1.22106641243e-07, 1.57975122761e-07, 1.11400979108e-07, 6.95447397447e-08, 1.72275434807e-07, 2.71127724716e-08, 6.82213452396e-11],
        "max": [0.000360274396371, 0.0160024687648, 0.0205085687339, 0.00904431287199, 0.0304244980216, 0.0275583993644, 0.0253008343279, 0.0310103408992, 0.0127198202536, 0.0100797507912, 0.00713896472007, 0.00747305341065, 0.00915236212313, 0.0202088151127, 0.0103248115629, 0.0125241568312, 0.0117025543004, 0.00757781742141, 0.00854737218469, 0.00281491852365, 0.00298283877783, 0.00674171978608, 0.0039573344402, 0.00255333329551, 0.00409234594554, 0.00150806154124, 8.42576992e-05],
        "mean": [2.93088814942e-05, 0.00103564560413, 0.00345940119587, 0.000754446955398, 0.00181179062929, 0.00246033072472, 0.00144195149187, 0.00133457325865, 0.000475173117593, 0.000514192506671, 0.000210825368413, 0.000318225211231, 0.000341018021572, 0.000443532102508, 0.000537531857844, 0.000607027614024, 0.000533052720129, 0.000581437896471, 0.000448669772595, 0.000400513206841, 0.000262583052972, 0.000263154855929, 0.000157751957886, 0.000128450454213, 9.17758734431e-05, 2.9448481655e-05, 9.72619545792e-07],
        "median": [1.62410105986e-05, 0.000697845243849, 0.00277705816552, 0.000274664373137, 0.000856592901982, 0.000716137350537, 0.000250604993198, 0.000122126220958, 9.30649257498e-05, 4.66489727842e-05, 3.97845869884e-05, 7.22235927242e-05, 3.57857134077e-05, 4.14529531554e-05, 0.000105518636701, 0.000101727724541, 0.000136864371598, 0.000164228826179, 0.00019102654187, 0.000165322693647, 0.000115877672215, 0.000106353509182, 7.28751183487e-05, 5.0944621762e-05, 1.80449387699e-05, 1.99753799279e-06, 1.74043215395e-08],
        "min": [3.84220891516e-25, 1.48955753238e-24, 4.3843099384e-25, 1.75083376157e-25, 4.22852164393e-24, 7.42202385918e-24, 5.60958476943e-24, 1.07251730071e-23, 1.18036823375e-23, 2.32884408327e-23, 1.15074279911e-23, 2.59228228931e-23, 2.36657135607e-23, 2.64489962723e-23, 5.54870561236e-23, 5.19419814799e-23, 5.85314407508e-23, 8.08753326678e-23, 9.42590836769e-23, 1.4085881391e-22, 2.34489042916e-22, 3.30195263525e-22, 3.9375963054e-22, 5.3737669345e-22, 8.70639704506e-22, 1.29031400901e-21, 1.87401564404e-21],
        "var": [1.64989955032e-09, 1.96457813217e-06, 1.11983154056e-05, 1.3244184629e-06, 7.76872548158e-06, 1.86051147466e-05, 1.34076954055e-05, 1.62106953212e-05, 1.42129295e-06, 1.73110015567e-06, 2.91829479693e-07, 5.78916910854e-07, 8.14031693608e-07, 1.86180989203e-06, 1.55572831773e-06, 1.51055371589e-06, 1.04363823539e-06, 1.10035796297e-06, 5.29964097495e-07, 2.78222330508e-07, 1.57283324143e-07, 2.19577728444e-07, 9.84070922527e-08, 5.60723698584e-08, 1.00611700304e-07, 1.61999054171e-08, 3.10260948877e-11]
    },
    "erbbands": {
        "dmean": [0.00662687933072, 0.172212451696, 1.16283202171, 1.26476228237, 2.19657945633, 4.35948467255, 6.15422773361, 13.1869421005, 12.394900322, 13.7560625076, 14.4045524597, 7.37865447998, 7.09344148636, 8.83582878113, 6.40243148804, 7.10617542267, 7.63537311554, 11.2869873047, 14.7612934113, 16.1470794678, 18.9024486542, 13.3782930374, 14.3835229874, 9.2998342514, 11.3641529083, 7.75077199936, 4.17879199982, 5.05150318146, 4.21136331558, 3.12564945221, 2.05651378632, 1.55260980129, 1.04200291634, 0.712993681431, 0.611058950424, 0.166927352548, 0.0389388538897, 0.00601538922638, 0.000171569365193, 1.00064235085e-05],
        "dmean2": [0.0111983735114, 0.287626683712, 1.92532777786, 2.05952453613, 3.69156932831, 7.01634979248, 9.78487205505, 19.2856616974, 20.0988845825, 21.6337623596, 22.0856628418, 11.0589160919, 10.9894247055, 13.977643013, 9.56978607178, 10.7078056335, 11.6681652069, 18.8787670135, 24.7693557739, 24.9593849182, 32.1691970825, 20.564245224, 22.5748291016, 14.4614782333, 17.7448368073, 12.4170084, 6.39112901688, 7.71219825745, 6.42565393448, 4.7279715538, 2.92108178139, 2.22813224792, 1.52439427376, 1.02955961227, 0.900823831558, 0.233842715621, 0.0547247380018, 0.00905972160399, 0.000267366267508, 1.41889568113e-05],
        "dvar": [0.000402822333854, 0.0795214101672, 2.67578911781, 4.36367702484, 19.5939464569, 88.6484909058, 171.544906616, 683.803588867, 961.245605469, 1526.63171387, 1749.45849609, 409.933624268, 297.278411865, 637.664001465, 242.756149292, 405.167877197, 604.094055176, 1146.8326416, 1787.86791992, 1300.8137207, 2219.76708984, 810.75213623, 932.750244141, 316.42199707, 564.716003418, 168.234268188, 75.6929168701, 143.549728394, 121.187995911, 77.5953979492, 42.2431259155, 19.8596000671, 7.74303627014, 5.32460594177, 7.20963716507, 0.444553017616, 0.026900799945, 0.000730658764951, 7.1371937338e-07, 7.6044787134e-10],
        "dvar2": [0.000973005022388, 0.181360989809, 6.63164186478, 11.5623350143, 53.1191864014, 231.900421143, 408.182617188, 1569.64013672, 2534.90600586, 3989.08447266, 3638.12988281, 915.373413086, 686.031433105, 1670.90405273, 514.516052246, 894.987182617, 1538.08227539, 3393.28930664, 4792.02246094, 2871.13134766, 5997.32617188, 1960.75292969, 2228.22338867, 747.979370117, 1132.55712891, 407.06350708, 155.39654541, 334.075286865, 205.192062378, 138.70199585, 84.6913375854, 41.4245758057, 16.3147010803, 11.0289735794, 16.1082820892, 0.927591204643, 0.0540389046073, 0.00166167167481, 1.61196396675e-06, 1.56357682357e-09],
        "max": [0.302268505096, 4.10824537277, 21.9389724731, 31.8038330078, 59.0606307983, 100.992736816, 150.125244141, 242.543151855, 385.73526001, 495.173065186, 648.260253906, 362.667999268, 270.167114258, 303.870483398, 290.616485596, 385.074951172, 452.001556396, 595.92376709, 695.732299805, 611.196716309, 665.021484375, 489.110687256, 460.593536377, 226.072860718, 555.500061035, 119.21219635, 122.121955872, 172.443252563, 236.127868652, 193.239852905, 96.6995391846, 62.2071304321, 33.440864563, 24.2318630219, 43.1426429749, 8.81585693359, 2.22703719139, 0.306257963181, 0.0103169130161, 0.000379814504413],
        "mean": [0.011263275519, 0.357312172651, 3.48893904686, 3.2993221283, 3.59832453728, 6.6314163208, 11.6178264618, 22.9226150513, 20.898891449, 22.8922309875, 26.0067882538, 11.4516115189, 12.9366950989, 14.592590332, 10.462100029, 12.9924201965, 14.2512931824, 18.8827724457, 30.7383041382, 28.1634273529, 34.0104560852, 30.1736030579, 34.002986908, 22.3477115631, 26.2810134888, 18.1367721558, 9.74510192871, 11.6002578735, 9.67658424377, 7.17842674255, 3.8658323288, 2.8679330349, 1.99759757519, 1.05167365074, 0.662769019604, 0.185996860266, 0.0406224988401, 0.00549810752273, 0.000168230995769, 2.99847124552e-05],
        "median": [0.00720677990466, 0.244534760714, 2.88303542137, 2.28312349319, 2.03358030319, 3.09991025925, 4.35591030121, 7.09410190582, 6.70465278625, 3.92856264114, 3.04263734818, 2.1899793148, 1.84093165398, 2.0806210041, 2.42873764038, 2.78297901154, 1.74613952637, 2.04814338684, 3.85332107544, 6.50947952271, 7.38971090317, 7.74233818054, 9.57007980347, 8.26291465759, 12.1157722473, 7.5068359375, 4.30614566803, 4.39757490158, 3.85099554062, 3.34149265289, 1.61569678783, 1.15332376957, 0.738483667374, 0.274183511734, 0.0903696939349, 0.0180853009224, 0.00243215146475, 0.000216699321754, 2.01358670893e-05, 2.6693680411e-05],
        "min": [5.54045160294e-23, 1.70896529344e-22, 1.02268028727e-21, 1.87895651339e-21, 6.40960971307e-21, 2.42564623868e-20, 6.12233012867e-20, 8.26744145533e-20, 4.72998805611e-20, 5.90872172147e-20, 1.94606556339e-19, 2.67200069069e-19, 5.78006256598e-19, 1.01225379601e-18, 1.15130244339e-18, 1.02189096713e-18, 1.2554108783e-18, 1.50237526615e-18, 2.36669608141e-18, 3.51854632516e-18, 3.80522727314e-18, 3.32991688546e-18, 5.35750903398e-18, 4.58756270237e-18, 4.96394931983e-18, 7.28488949207e-18, 7.94443533604e-18, 1.00029379833e-17, 1.06462040856e-17, 1.18090777518e-17, 1.1280058527e-17, 9.85117019322e-18, 8.97265640621e-18, 8.89851455355e-18, 6.5771140553e-18, 4.28143142947e-18, 2.2466905793e-18, 9.58978815069e-19, 2.55852159191e-19, 2.62307680255e-20],
        "var": [0.000471706036478, 0.17174500227, 11.2911911011, 16.8143501282, 26.5341892242, 127.329940796, 410.945465088, 1742.36230469, 2082.01171875, 3279.30395508, 5508.84863281, 825.246582031, 824.488037109, 1453.8182373, 533.757507324, 919.480895996, 1340.82775879, 2175.20507812, 6391.14990234, 3437.54882812, 4446.34179688, 3009.3034668, 3638.60107422, 1133.72875977, 1933.33557129, 575.776672363, 201.968170166, 339.389434814, 294.565856934, 159.688110352, 69.1198577881, 32.0416793823, 13.4110441208, 7.6661939621, 7.9269323349, 0.572793722153, 0.0347233079374, 0.000759394140914, 7.19468914667e-07, 1.40189448938e-09]
    },
    "gfcc": {
        "mean": [-254.21307373, 71.6509246826, -93.3360977173, 44.0010108948, -53.3271331787, 1.74243426323, -39.7145957947, 4.15799093246, -18.2358188629, -0.878262996674, -8.60230541229, -0.890353739262, -7.74642276764],
        "cov": [[205459.34375, 14436.3085938, -21048.7324219, 10165.4970703, -10826.2148438, 2145.07250977, -7215.74755859, 2171.09155273, -3168.24560547, -388.56652832, -2977.34838867, -1554.27807617, -2463.80297852], [14436.3085938, 3127.10400391, -1031.09277344, 725.133239746, -627.173400879, -341.173736572, -626.094055176, -199.301467896, -239.109008789, -261.830230713, 100.808227539, -65.5807113647, -83.8740997314], [-21048.7324219, -1031.09277344, 2683.80151367, -957.476196289, 1163.5859375, -373.209625244, 675.725708008, -348.222808838, 249.74987793, -37.5594902039, 355.466644287, 221.418441772, 270.319641113], [10165.4970703, 725.133239746, -957.476196289, 791.260314941, -480.998199463, 14.0042886734, -441.289001465, 109.098388672, -111.597808838, -62.3281364441, -142.46182251, -66.685836792, -80.358039856], [-10826.2148438, -627.173400879, 1163.5859375, -480.998199463, 740.989013672, -122.999389648, 396.918060303, -103.753723145, 209.621780396, -1.59096622467, 133.604431152, 14.4099826813, 117.140922546], [2145.07250977, -341.173736572, -373.209625244, 14.0042886734, -122.999389648, 345.580169678, 115.779655457, 121.134361267, -32.1132354736, 39.55727005, -133.135177612, -94.9337692261, -87.8345108032], [-7215.74755859, -626.094055176, 675.725708008, -441.289001465, 396.918060303, 115.779655457, 482.476409912, -6.62177848816, 145.919555664, 3.54993844032, 54.5372123718, -24.0597362518, 20.5660953522], [2171.09155273, -199.301467896, -348.222808838, 109.098388672, -103.753723145, 121.134361267, -6.62177848816, 181.312911987, 64.7701568604, 55.2212257385, -99.0852813721, -86.1944046021, -70.3287582397], [-3168.24560547, -239.109008789, 249.74987793, -111.597808838, 209.621780396, -32.1132354736, 145.919555664, 64.7701568604, 216.768981934, 37.0901489258, 40.3677139282, -41.2944564819, 11.3296432495], [-388.56652832, -261.830230713, -37.5594902039, -62.3281364441, -1.59096622467, 39.55727005, 3.54993844032, 55.2212257385, 37.0901489258, 103.318069458, -9.77781486511, -9.82018184662, -16.1821212769], [-2977.34838867, 100.808227539, 355.466644287, -142.46182251, 133.604431152, -133.135177612, 54.5372123718, -99.0852813721, 40.3677139282, -9.77781486511, 154.057693481, 88.1081695557, 65.9611206055], [-1554.27807617, -65.5807113647, 221.418441772, -66.685836792, 14.4099826813, -94.9337692261, -24.0597362518, -86.1944046021, -41.2944564819, -9.82018184662, 88.1081695557, 154.947280884, 74.4536132812], [-2463.80297852, -83.8740997314, 270.319641113, -80.358039856, 117.140922546, -87.8345108032, 20.5660953522, -70.3287582397, 11.3296432495, -16.1821212769, 65.9611206055, 74.4536132812, 91.1522750854]],
        "icov": [[0.000272985198535, -0.000765820441302, 0.000528550648596, -0.000809046789072, 0.000615411612671, -0.000811116944533, 0.000811865669675, -0.00086947681848, 0.000621160608716, -0.0003824699088, 0.00144977134187, -0.00107885489706, 0.00165379920509], [-0.000765820441302, 0.00348010472953, -0.00110997620504, 0.0020596308168, -0.00107275648043, 0.00316550862044, -0.00164741068147, 0.00397505797446, -0.00167260516901, 0.0034511226695, -0.00693469680846, 0.00550109567121, -0.00317706819624], [0.000528550648596, -0.00110997620504, 0.00346646015532, -0.00163763854653, -0.000824870890938, 0.000525100389495, -0.000421668490162, 0.00056834006682, 0.00140551105142, -0.000986610655673, 0.0029561703559, -0.00345601816662, 0.00397487357259], [-0.000809046789072, 0.0020596308168, -0.00163763854653, 0.0071138641797, -0.00156918738503, 0.000931986840442, 0.00217713043094, 0.000180380098755, -0.00330979842693, 0.00571182416752, -0.00363949779421, 0.00317869568244, -0.00481967581436], [0.000615411612671, -0.00107275648043, -0.000824870890938, -0.00156918738503, 0.00932343862951, -0.000653341878206, 0.000228307326324, 0.000133600697154, -0.00119678466581, -0.000411154091125, 0.00311315292493, 0.00329454289749, -0.000717645976692], [-0.000811116944533, 0.00316550862044, 0.000525100389495, 0.000931986840442, -0.000653341878206, 0.0141153540462, -0.0108209112659, 0.00360745657235, 0.00208577723242, -0.00224865670316, -0.000863283639774, 0.00468976981938, -0.0039453394711], [0.000811865669675, -0.00164741068147, -0.000421668490162, 0.00217713043094, 0.000228307326324, -0.0108209112659, 0.0172535404563, -0.00548573490232, -0.0021073371172, 0.00837108492851, -0.00114009343088, -0.00154765252955, 0.00858967192471], [-0.00086947681848, 0.00397505797446, 0.00056834006682, 0.000180380098755, 0.000133600697154, 0.00360745657235, -0.00548573490232, 0.0278894472867, -0.0123756797984, -0.003843419021, 0.0031228819862, 0.00360485818237, 0.000341622100677], [0.000621160608716, -0.00167260516901, 0.00140551105142, -0.00330979842693, -0.00119678466581, 0.00208577723242, -0.0021073371172, -0.0123756797984, 0.0168661978096, -0.00359297147952, -0.00393357779831, 0.00238581816666, 0.000802971248049], [-0.0003824699088, 0.0034511226695, -0.000986610655673, 0.00571182416752, -0.000411154091125, -0.00224865670316, 0.00837108492851, -0.003843419021, -0.00359297147952, 0.0238776672632, -0.010428504087, 0.00437610410154, 0.0029639180284], [0.00144977134187, -0.00693469680846, 0.0029561703559, -0.00363949779421, 0.00311315292493, -0.000863283639774, -0.00114009343088, 0.0031228819862, -0.00393357779831, -0.010428504087, 0.0361932218075, -0.01886395365, 0.00651944894344], [-0.00107885489706, 0.00550109567121, -0.00345601816662, 0.00317869568244, 0.00329454289749, 0.00468976981938, -0.00154765252955, 0.00360485818237, 0.00238581816666, 0.00437610410154, -0.01886395365, 0.0281732529402, -0.0165130235255], [0.00165379920509, -0.00317706819624, 0.00397487357259, -0.00481967581436, -0.000717645976692, -0.0039453394711, 0.00858967192471, 0.000341622100677, 0.000802971248049, 0.0029639180284, 0.00651944894344, -0.0165130235255, 0.0413545742631]]
    },
    "melbands": {
        "dmean": [0.000100301935163, 0.000472693995107, 0.000216958680539, 0.000235385537962, 0.000206090684514, 0.00028209327138, 0.000186344361282, 0.000167153426446, 0.000103381236841, 4.46558842668e-05, 3.81135942007e-05, 4.00553835789e-05, 2.16635780816e-05, 2.34973358602e-05, 1.94135354832e-05, 1.7941745682e-05, 2.42401838477e-05, 2.78307343251e-05, 2.11223214137e-05, 2.16860426008e-05, 2.4946009944e-05, 1.42566768773e-05, 1.58776965691e-05, 1.46436923387e-05, 7.84311396274e-06, 7.52349569666e-06, 9.27621931623e-06, 5.08361108587e-06, 3.21021548189e-06, 2.45345154326e-06, 3.40962992595e-06, 2.5842236937e-06, 2.34884555539e-06, 1.77999606876e-06, 1.32813522669e-06, 1.01656655715e-06, 1.03752608993e-06, 8.14248835468e-07, 5.83579435443e-07, 6.5949762984e-07],
        "dmean2": [0.000170749248355, 0.000779467460234, 0.000358326709829, 0.000388282787753, 0.000328023801558, 0.000414356181864, 0.00030686944956, 0.000263194087893, 0.000155931382324, 6.74582770444e-05, 5.89339724684e-05, 6.34421157883e-05, 3.31902774633e-05, 3.72030663129e-05, 2.98232425848e-05, 2.84314683086e-05, 4.05563696404e-05, 4.72108913527e-05, 3.31215851475e-05, 3.35699260177e-05, 4.21652730438e-05, 2.19271587412e-05, 2.4669463528e-05, 2.32558559219e-05, 1.25402239064e-05, 1.1239459127e-05, 1.50098576341e-05, 8.31811212265e-06, 5.02522061652e-06, 3.85921066481e-06, 5.28621239937e-06, 3.96535733671e-06, 3.58787315236e-06, 2.78134166365e-06, 1.94955237021e-06, 1.45170611177e-06, 1.55756526965e-06, 1.20921379221e-06, 8.71850147632e-07, 9.87729322333e-07],
        "dvar": [5.4239109204e-08, 4.09680410485e-07, 1.22326682117e-07, 2.24899665113e-07, 1.77120298872e-07, 2.86474602262e-07, 2.15433132666e-07, 1.95323778485e-07, 7.98685846348e-08, 1.42316345375e-08, 8.7761922174e-09, 1.33247715084e-08, 3.25963345205e-09, 3.89532894829e-09, 3.48644957349e-09, 2.84153434116e-09, 6.22023987873e-09, 7.12322423269e-09, 2.0675212653e-09, 3.18946979938e-09, 4.11845579862e-09, 1.10884146309e-09, 1.04742470253e-09, 1.23913967975e-09, 2.40134218066e-10, 2.23973631308e-10, 3.12232378841e-10, 8.17272152731e-11, 5.0969947013e-11, 2.36669208536e-11, 7.41314926112e-11, 3.74783468149e-11, 5.00094167466e-11, 2.21191970989e-11, 1.79878664047e-11, 1.00703811609e-11, 9.01630593103e-12, 4.94622658803e-12, 2.81272119311e-12, 5.15685584512e-12],
        "dvar2": [1.21852252732e-07, 1.01028660993e-06, 3.19902937918e-07, 5.94932373588e-07, 4.29612072139e-07, 6.54432369629e-07, 5.53543202386e-07, 4.81705228594e-07, 1.6232972655e-07, 3.25711795313e-08, 2.09170902821e-08, 3.51683233646e-08, 7.11704339906e-09, 8.6187545989e-09, 8.11676326151e-09, 7.47694794967e-09, 1.86498905208e-08, 1.9298877163e-08, 4.98048891018e-09, 7.40917593944e-09, 1.12092211069e-08, 2.55485699263e-09, 2.50683718228e-09, 3.16822679203e-09, 5.60525958981e-10, 4.54469378797e-10, 7.05534797252e-10, 2.0269458334e-10, 1.12075258796e-10, 5.05655795013e-11, 1.7809219377e-10, 6.84911294346e-11, 8.6692604484e-11, 4.42800830724e-11, 3.8513782441e-11, 2.01537432576e-11, 2.04840901186e-11, 1.03839801341e-11, 6.72950540778e-12, 1.12216503451e-11],
        "max": [0.00358428433537, 0.00808953028172, 0.00445138802752, 0.00580851966515, 0.00415095780045, 0.00525824446231, 0.00567659642547, 0.00493121519685, 0.00426953565329, 0.00205099419691, 0.00135195150506, 0.0012859137496, 0.000837449217215, 0.000806047581136, 0.00105333339889, 0.000681698496919, 0.00149669463281, 0.00131265714299, 0.000468668498797, 0.00122250965796, 0.000792453007307, 0.000663541257381, 0.000409203144955, 0.000584002351388, 0.00018938849098, 0.00034824834438, 0.000296712678391, 9.68769018073e-05, 9.20343081816e-05, 7.80288464739e-05, 0.000111437591841, 0.000128889310872, 0.000159536866704, 9.7511911008e-05, 6.7444780143e-05, 5.33293023182e-05, 4.67646314064e-05, 2.90122115985e-05, 2.4011489586e-05, 2.44076472882e-05],
        "mean": [0.000179796683369, 0.00135811127257, 0.000587460643146, 0.000378909113351, 0.000396044400986, 0.000499997870065, 0.000319000304444, 0.000278383959085, 0.000183993135579, 6.69116707286e-05, 6.70620793244e-05, 6.32885130472e-05, 3.2664025639e-05, 3.65703745047e-05, 3.25964574586e-05, 3.14234930556e-05, 3.58813886123e-05, 5.28662058059e-05, 3.52247370756e-05, 3.78032964363e-05, 4.00204335165e-05, 2.89952768071e-05, 3.31595183525e-05, 2.92421937047e-05, 1.64856373885e-05, 1.66109020938e-05, 1.99206297111e-05, 1.01588229882e-05, 5.9268345467e-06, 6.06519915891e-06, 6.8291151365e-06, 5.59716363568e-06, 4.80396874991e-06, 3.74157093574e-06, 2.2910194275e-06, 1.68655424204e-06, 1.85205169601e-06, 1.52412212628e-06, 9.81010089163e-07, 8.69558618888e-07],
        "median": [0.00012830059859, 0.00122206867673, 0.000470378174214, 0.000188579084352, 0.000174247659743, 0.000151756088599, 8.58041312313e-05, 4.15741233155e-05, 1.88021804206e-05, 1.24927819343e-05, 8.22284346214e-06, 8.12214057078e-06, 6.96027564118e-06, 8.28520387586e-06, 3.97894928028e-06, 3.6128112697e-06, 3.43442070516e-06, 4.69322640129e-06, 8.21611138235e-06, 6.35318428976e-06, 9.07663343241e-06, 7.50844492359e-06, 8.36783692648e-06, 7.43693362892e-06, 5.94615903537e-06, 7.03195019014e-06, 9.16285898711e-06, 3.59859723176e-06, 2.14877945837e-06, 2.82031669485e-06, 2.18773675442e-06, 2.23894949158e-06, 1.72253476194e-06, 1.7271862589e-06, 8.39868334879e-07, 5.98771521254e-07, 6.81853862261e-07, 5.17459739058e-07, 3.16647003729e-07, 1.84162686878e-07],
        "min": [8.63705168288e-25, 3.34169269453e-25, 8.00078310078e-25, 8.19656112112e-25, 2.0776841028e-24, 1.95690279289e-24, 8.00181009907e-25, 6.44296573009e-25, 1.57358334753e-24, 1.49165521214e-24, 2.87149905451e-24, 3.98166497858e-24, 2.44465923768e-24, 2.92893720031e-24, 1.79403792306e-24, 2.49959491948e-24, 2.45045756255e-24, 3.36672423713e-24, 4.20825777942e-24, 4.81993263672e-24, 3.36215752135e-24, 2.77262993396e-24, 2.99596079497e-24, 3.17652592858e-24, 3.26516687584e-24, 3.30766715154e-24, 4.28530030201e-24, 3.8766210493e-24, 4.51611784743e-24, 5.07764955015e-24, 5.63702647931e-24, 4.96968052464e-24, 4.81678271513e-24, 5.34579441589e-24, 4.87912284259e-24, 4.77231186489e-24, 5.05782113687e-24, 5.00267620972e-24, 6.83428540833e-24, 6.8185026682e-24],
        "var": [7.81381999104e-08, 1.61282082445e-06, 4.12635785096e-07, 3.32538206749e-07, 4.15555859945e-07, 7.81454900789e-07, 5.07310289777e-07, 4.83441908727e-07, 2.54167048297e-07, 2.86164301144e-08, 2.32358292607e-08, 2.97538740313e-08, 6.00126259798e-09, 7.71316788217e-09, 7.7529529463e-09, 6.70574262784e-09, 1.02932204982e-08, 2.11724682231e-08, 4.9217159237e-09, 7.30742355515e-09, 7.00073066184e-09, 3.42118688934e-09, 3.38350569784e-09, 3.42395267694e-09, 6.90351886767e-10, 7.53751783211e-10, 9.62219748324e-10, 2.11592382504e-10, 9.73274863481e-11, 7.73184571923e-11, 1.45120013229e-10, 9.52117412689e-11, 9.66802540803e-11, 4.20848356164e-11, 2.69266414721e-11, 1.50725456421e-11, 1.34111307129e-11, 8.32700314951e-12, 3.83117279221e-12, 6.70197274413e-12]
    },
    "mfcc": {
        "mean": [-762.212036133, 81.7441940308, 8.60685539246, 32.3555488586, 6.48847866058, -0.759276866913, -7.19462442398, 0.108884491026, -5.10686731339, -2.28537297249, -2.07739591599, -1.08021295071, 1.89773750305],
        "cov": [[53659.9960938, 6211.09765625, -1084.74414062, 2695.43334961, 18.5118980408, 152.884338379, -542.134521484, 525.553222656, 253.601577759, 455.595825195, 109.174217224, -243.339187622, -86.3957061768], [6211.09765625, 3288.23925781, 535.462402344, 939.220458984, 269.339324951, -37.1364250183, -149.626266479, 29.1251239777, -291.636688232, -177.347579956, -81.3064804077, -29.1316318512, 96.1331939697], [-1084.74414062, 535.462402344, 545.264160156, 246.930297852, 97.8384933472, -22.7809257507, -39.4058074951, -48.5740699768, -168.575210571, -160.99836731, -118.468658447, 3.84719443321, 56.8407058716], [2695.43334961, 939.220458984, 246.930297852, 640.180419922, 234.20362854, -82.5251846313, -166.383956909, -4.21442461014, -86.5103302002, -92.5384216309, -109.8620224, 19.2860622406, 89.6147003174], [18.5118980408, 269.339324951, 97.8384933472, 234.20362854, 211.886520386, -48.3144111633, -85.1940078735, -60.2739562988, -31.013584137, -34.0474319458, -44.2639579773, 7.69978952408, 27.8263072968], [152.884338379, -37.1364250183, -22.7809257507, -82.5251846313, -48.3144111633, 109.974197388, 79.6188278198, 21.531709671, 1.70566272736, 8.84871959686, 18.8561096191, -39.8804969788, -54.4440155029], [-542.134521484, -149.626266479, -39.4058074951, -166.383956909, -85.1940078735, 79.6188278198, 136.791000366, 27.1449184418, 9.24370479584, 15.6873664856, 33.3375320435, -28.6304893494, -61.7534713745], [525.553222656, 29.1251239777, -48.5740699768, -4.21442461014, -60.2739562988, 21.531709671, 27.1449184418, 95.6564788818, 27.1008739471, 12.9753303528, 4.98200273514, -7.77546739578, 8.03775787354], [253.601577759, -291.636688232, -168.575210571, -86.5103302002, -31.013584137, 1.70566272736, 9.24370479584, 27.1008739471, 135.495223999, 104.627441406, 48.8721961975, 23.2187099457, -11.5274925232], [455.595825195, -177.347579956, -160.99836731, -92.5384216309, -34.0474319458, 8.84871959686, 15.6873664856, 12.9753303528, 104.627441406, 136.033599854, 72.7507629395, 18.9767112732, -6.31795835495], [109.174217224, -81.3064804077, -118.468658447, -109.8620224, -44.2639579773, 18.8561096191, 33.3375320435, 4.98200273514, 48.8721961975, 72.7507629395, 96.6801986694, 24.3613510132, -16.7786102295], [-243.339187622, -29.1316318512, 3.84719443321, 19.2860622406, 7.69978952408, -39.8804969788, -28.6304893494, -7.77546739578, 23.2187099457, 18.9767112732, 24.3613510132, 78.1442871094, 50.7466964722], [-86.3957061768, 96.1331939697, 56.8407058716, 89.6147003174, 27.8263072968, -54.4440155029, -61.7534713745, 8.03775787354, -11.5274925232, -6.31795835495, -16.7786102295, 50.7466964722, 102.947250366]],
