{
"lowlevel": {
    "average_loudness": 0.835233271122,
    "barkbands_crest": {
        "dmean": 2.83452010155,
        "dmean2": 4.61256599426,
        "dvar": 5.7981801033,
        "dvar2": 14.3637914658,
        "max": 24.5252189636,
        "mean": 10.4550886154,
        "median": 9.42275905609,
        "min": 2.76834821701,
        "var": 20.7738056183
    },
    "barkbands_flatness_db": {
        "dmean": 0.0195814557374,
        "dmean2": 0.0299710482359,
        "dvar": 0.000335285731126,
        "dvar2": 0.000680216122419,
        "max": 0.273982703686,
        "mean": 0.128171622753,
        "median": 0.122057311237,
        "min": 0.0387701541185,
        "var": 0.00158472091425
    },
    "barkbands_kurtosis": {
        "dmean": 1.93134582043,
        "dmean2": 2.94962191582,
        "dvar": 7.26793336868,
        "dvar2": 15.7987155914,
        "max": 53.8502082825,
        "mean": 1.97155082226,
        "median": 0.626432657242,
        "min": -1.71869313717,
        "var": 17.4298915863
    },
    "barkbands_skewness": {
        "dmean": 0.508894979954,
        "dmean2": 0.767184436321,
        "dvar": 0.217075571418,
        "dvar2": 0.450674951077,
        "max": 6.81530761719,
        "mean": 0.937518179417,
        "median": 0.960323929787,
        "min": -2.82437968254,
        "var": 1.45266628265
    },
    "barkbands_spread": {
        "dmean": 5.73734998703,
        "dmean2": 8.71252727509,
        "dvar": 29.0092010498,
        "dvar2": 73.3190460205,
        "max": 105.844604492,
        "mean": 25.6750049591,
        "median": 23.9816627502,
        "min": 3.60519862175,
        "var": 190.993041992
    },
    "dissonance": {
        "dmean": 0.0193873755634,
        "dmean2": 0.0333318598568,
        "dvar": 0.000403210346121,
        "dvar2": 0.00103778543416,
        "max": 0.499987870455,
        "mean": 0.468843221664,
        "median": 0.476275324821,
        "min": 0.31938841939,
        "var": 0.000664869789034
    },
    "dynamic_complexity": 9.9076499939,
    "erbbands_crest": {
        "dmean": 2.8713991642,
        "dmean2": 4.51066160202,
        "dvar": 9.44420528412,
        "dvar2": 21.4316596985,
        "max": 33.4556236267,
        "mean": 9.79614162445,
        "median": 7.80740451813,
        "min": 2.27322649956,
        "var": 36.9597892761
    },
    "erbbands_flatness_db": {
        "dmean": 0.0183843132108,
        "dmean2": 0.0265310145915,
        "dvar": 0.000358379504178,
        "dvar2": 0.000673757283948,
        "max": 0.353784233332,
        "mean": 0.168775483966,
        "median": 0.165337264538,
        "min": 0.0403920896351,
        "var": 0.00360543956049
    },
    "erbbands_kurtosis": {
        "dmean": 1.08321297169,
        "dmean2": 1.70620787144,
        "dvar": 3.4303445816,
        "dvar2": 7.91683149338,
        "max": 29.8217468262,
        "mean": 1.00636982918,
        "median": -0.160135984421,
        "min": -1.59862685204,
        "var": 12.4797849655
    },
    "erbbands_skewness": {
        "dmean": 0.370185613632,
        "dmean2": 0.539438486099,
        "dvar": 0.114168457687,
        "dvar2": 0.239522948861,
        "max": 2.92746281624,
        "mean": -0.047550406307,
        "median": 0.0010428322712,
        "min": -2.74285030365,
        "var": 0.541728913784
    },
    "erbbands_spread": {
        "dmean": 6.99029302597,
        "dmean2": 10.8541069031,
        "dvar": 50.4177627563,
        "dvar2": 112.734863281,
        "max": 99.4110488892,
        "mean": 34.2244529724,
        "median": 33.8057022095,
        "min": 2.53402996063,
        "var": 330.655548096
    },
    "hfc": {
        "dmean": 4.7548327446,
        "dmean2": 6.05647468567,
        "dvar": 71.4544143677,
        "dvar2": 114.375953674,
        "max": 119.337638855,
        "mean": 14.1484823227,
        "median": 5.18909406662,
        "min": 1.11358190731e-16,
        "var": 444.109588623
    },
    "melbands_crest": {
        "dmean": 3.55099153519,
        "dmean2": 5.81079244614,
        "dvar": 9.06888580322,
        "dvar2": 23.1428432465,
        "max": 34.6662025452,
        "mean": 13.4925327301,
        "median": 12.8302659988,
        "min": 2.30022382736,
        "var": 23.709236145
    },
    "melbands_flatness_db": {
        "dmean": 0.0248758941889,
        "dmean2": 0.0372250527143,
        "dvar": 0.000541953311767,
        "dvar2": 0.00112712790724,
        "max": 0.357074439526,
        "mean": 0.182978883386,
        "median": 0.177888125181,
        "min": 0.00721716368571,
        "var": 0.0027279027272
    },
    "melbands_kurtosis": {
        "dmean": 4.23596096039,
        "dmean2": 6.64284992218,
        "dvar": 61.249080658,
        "dvar2": 148.469650269,
        "max": 175.878204346,
        "mean": 6.74876642227,
        "median": 3.92469239235,
        "min": -1.7992452383,
        "var": 102.153297424
    },
    "melbands_skewness": {
        "dmean": 0.653602004051,
        "dmean2": 0.977583527565,
        "dvar": 0.43331438303,
        "dvar2": 0.937319934368,
        "max": 11.0601358414,
        "mean": 1.8375698328,
        "median": 1.91627597809,
        "min": -2.64012861252,
        "var": 2.18939805031
    },
    "melbands_spread": {
        "dmean": 7.85721874237,
        "dmean2": 12.1741075516,
        "dvar": 59.6836929321,
        "dvar2": 137.585021973,
        "max": 160.055938721,
        "mean": 30.5588092804,
        "median": 29.3967666626,
        "min": 2.5201883316,
        "var": 266.749725342
    },
    "pitch_salience": {
        "dmean": 0.0747138485312,
        "dmean2": 0.121351920068,
        "dvar": 0.00435412535444,
        "dvar2": 0.010662233457,
        "max": 0.892650306225,
        "mean": 0.520097136497,
        "median": 0.516488611698,
        "min": 0.132425874472,
        "var": 0.0124503187835
    },
    "silence_rate_20dB": {
        "dmean": 0,
        "dmean2": 0,
        "dvar": 0,
        "dvar2": 0,
        "max": 1,
        "mean": 1,
        "median": 1,
        "min": 1,
        "var": 0
    },
    "silence_rate_30dB": {
        "dmean": 0,
        "dmean2": 0,
        "dvar": 0,
        "dvar2": 0,
        "max": 1,
        "mean": 1,
        "median": 1,
        "min": 1,
        "var": 0
    },
    "silence_rate_60dB": {
        "dmean": 0.0386831276119,
        "dmean2": 0.0774299800396,
        "dvar": 0.0371864065528,
        "dvar2": 0.0829675719142,
        "max": 1,
        "mean": 0.334703952074,
        "median": 0,
        "min": 0,
        "var": 0.22267664969
    },
    "spectral_centroid": {
        "dmean": 248.708175659,
        "dmean2": 359.765533447,
        "dvar": 96003.03125,
        "dvar2": 141109.5625,
        "max": 11085.71875,
        "mean": 1531.45336914,
        "median": 1568.66601562,
        "min": 327.690948486,
        "var": 377369.5
    },
    "spectral_complexity": {
        "dmean": 2.59835386276,
        "dmean2": 3.43904447556,
        "dvar": 12.4278440475,
        "dvar2": 18.5327644348,
        "max": 43,
        "mean": 11.6866779327,
        "median": 11,
        "min": 0,
        "var": 96.3959503174
    },
    "spectral_decrease": {
        "dmean": 1.1305093528e-09,
        "dmean2": 1.62080515675e-09,
        "dvar": 3.35438178605e-18,
        "dvar2": 6.0837694759e-18,
        "max": -1.37641663116e-28,
        "mean": -3.184828401e-09,
        "median": -1.61204516402e-09,
        "min": -2.15682884885e-08,
        "var": 1.57691081543e-17
    },
    "spectral_energy": {
        "dmean": 0.00464387098327,
        "dmean2": 0.0065876073204,
        "dvar": 5.71825694351e-05,
        "dvar2": 0.000101332938357,
        "max": 0.0902770161629,
        "mean": 0.0133035760373,
        "median": 0.00663958629593,
        "min": 1.06200079025e-20,
        "var": 0.000281800428638
    },
    "spectral_energyband_high": {
        "dmean": 0.000115382586955,
        "dmean2": 0.000161636911798,
        "dvar": 3.8660825652e-08,
        "dvar2": 8.18631846755e-08,
        "max": 0.00205365451984,
        "mean": 0.000253734207945,
        "median": 9.1846275609e-05,
        "min": 7.58121936618e-21,
        "var": 1.20540377679e-07
    },
    "spectral_energyband_low": {
        "dmean": 0.00155554525554,
        "dmean2": 0.00246464973316,
        "dvar": 8.80716652318e-06,
        "dvar2": 2.08002238651e-05,
        "max": 0.0276869572699,
        "mean": 0.00282434071414,
        "median": 0.00147193809971,
        "min": 6.04517490752e-23,
        "var": 1.56015648827e-05
    },
    "spectral_energyband_middle_high": {
        "dmean": 0.00253267330118,
        "dmean2": 0.00340926856734,
        "dvar": 3.3530905057e-05,
        "dvar2": 5.58649735467e-05,
        "max": 0.074834369123,
        "mean": 0.00670868391171,
        "median": 0.00128388218582,
        "min": 1.81128279952e-21,
        "var": 0.000167640973814
    },
    "spectral_energyband_middle_low": {
        "dmean": 0.00190333847422,
        "dmean2": 0.00296387798153,
        "dvar": 1.28120182126e-05,
        "dvar2": 3.0232271456e-05,
        "max": 0.0486012734473,
        "mean": 0.00406106933951,
        "median": 0.00208662217483,
        "min": 4.33002645919e-22,
        "var": 2.92987642752e-05
    },
    "spectral_entropy": {
        "dmean": 0.149350106716,
        "dmean2": 0.214034304023,
        "dvar": 0.0212747212499,
        "dvar2": 0.0404175892472,
        "max": 9.78256797791,
        "mean": 7.51343345642,
        "median": 7.49182605743,
        "min": 6.16278266907,
        "var": 0.190657407045
    },
    "spectral_flux": {
        "dmean": 0.0181123521179,
        "dmean2": 0.0279684234411,
        "dvar": 0.000573458499275,
        "dvar2": 0.00132323789876,
        "max": 0.253951489925,
        "mean": 0.0592600665987,
        "median": 0.0475296676159,
        "min": 2.04505866463e-07,
        "var": 0.00287422514521
    },
    "spectral_kurtosis": {
        "dmean": 1.69631803036,
        "dmean2": 2.88840174675,
        "dvar": 3.40465283394,
        "dvar2": 9.32875061035,
        "max": 21.8575973511,
        "mean": 5.12332487106,
        "median": 4.68750476837,
        "min": -1.1784954071,
        "var": 6.61197566986
    },
    "spectral_rms": {
        "dmean": 0.000539431872312,
        "dmean2": 0.000737369817216,
        "dvar": 5.50181709968e-07,
        "dvar2": 9.06887919427e-07,
        "max": 0.00938483607024,
        "mean": 0.00279431277886,
        "median": 0.00254512182437,
        "min": 3.21884814809e-12,
        "var": 5.17093167218e-06
    },
    "spectral_rolloff": {
        "dmean": 478.106994629,
        "dmean2": 811.415527344,
        "dvar": 700848.375,
        "dvar2": 1862924,
        "max": 18023.2910156,
        "mean": 1614.91894531,
        "median": 1571.92382812,
        "min": 21.533203125,
        "var": 1395463.375
    },
    "spectral_skewness": {
        "dmean": 0.214919298887,
        "dmean2": 0.341737538576,
        "dvar": 0.0436821989715,
        "dvar2": 0.111797638237,
        "max": 3.17483782768,
        "mean": 1.58222675323,
        "median": 1.53140687943,
        "min": -0.0190549548715,
        "var": 0.128137215972
    },
    "spectral_spread": {
        "dmean": 511820.53125,
        "dmean2": 752190.9375,
        "dvar": 1.08019122176e+12,
        "dvar2": 1.50206414848e+12,
        "max": 39857656,
        "mean": 4339846.5,
        "median": 3577084.5,
        "min": 2008194,
        "var": 5.22300843622e+12
    },
    "spectral_strongpeak": {
        "dmean": 0.605400085449,
        "dmean2": 0.938692927361,
        "dvar": 1.49023866653,
        "dvar2": 3.00846982002,
        "max": 15.080742836,
        "mean": 1.19593334198,
        "median": 0.2562315166,
        "min": 0,
        "var": 5.45494127274
    },
    "zerocrossingrate": {
        "dmean": 0.00918169692159,
        "dmean2": 0.0110474638641,
        "dvar": 9.33217961574e-05,
        "dvar2": 0.00015904699103,
        "max": 0.48681640625,
        "mean": 0.0714255869389,
        "median": 0.0615234375,
        "min": 0.01025390625,
        "var": 0.00229406519793
    },
    "barkbands": {
        "dmean": [5.17380112797e-06, 0.000470854778541, 0.000964853679761, 0.000590745417867, 0.000908038229682, 0.000303255743347, 0.000421800446929, 0.000255703751463, 0.000365635292837, 0.000190210281289, 0.000799604167696, 0.000695270951837, 0.000719019735698, 0.000541652669199, 0.000442750315415, 0.000409243395552, 0.000232506907196, 0.000176503250259, 0.000119265794638, 9.26449356484e-05, 3.78240911232e-05, 1.82741823664e-05, 1.78857517312e-05, 7.96791573521e-06, 1.46347538248e-05, 1.37827726121e-06, 1.55376824296e-07],
        "dmean2": [8.6197787823e-06, 0.000805474759545, 0.00154196447693, 0.00101051467936, 0.00152856798377, 0.000519037479535, 0.00067155668512, 0.000400004646508, 0.000551759731025, 0.000294675526675, 0.00122156331781, 0.00102644925937, 0.00092388986377, 0.00078976363875, 0.000638974946924, 0.000594907614868, 0.000359838799341, 0.000264723930741, 0.000181041308679, 0.000137401118991, 5.44182257727e-05, 2.80535077763e-05, 2.82965538645e-05, 1.21069242596e-05, 2.3201599106e-05, 2.16934108721e-06, 2.75807309436e-07],
        "dvar": [8.27647048118e-11, 1.55350858222e-06, 3.11919848173e-06, 1.73274236204e-06, 4.7085541155e-06, 3.55536201369e-07, 9.12827033517e-07, 8.98834173313e-07, 9.74900444817e-07, 9.45713736655e-07, 1.15786060633e-05, 8.31971192383e-06, 1.25933829622e-05, 7.2120024015e-06, 1.78843345111e-06, 1.20224922284e-06, 3.07846875103e-07, 1.21554379007e-07, 7.82230458185e-08, 3.53916931317e-08, 4.99922858666e-09, 2.04471040099e-09, 1.9058921108e-09, 3.02394581597e-10, 2.03077554772e-09, 2.40654701028e-11, 3.96834773158e-13],
        "dvar2": [2.16717199741e-10, 3.96646146328e-06, 7.82088227425e-06, 4.60736646346e-06, 1.26577333504e-05, 1.05586343579e-06, 2.07707671507e-06, 1.97895678866e-06, 2.3518607577e-06, 1.95762345356e-06, 2.26500305871e-05, 1.61292446137e-05, 1.74743945536e-05, 1.5663645172e-05, 2.93887251246e-06, 2.39330597651e-06, 7.0963443477e-07, 2.97536985272e-07, 1.68126575772e-07, 7.13976291422e-08, 9.89538584406e-09, 5.14985476485e-09, 4.94035345966e-09, 6.612181358e-10, 5.49704726183e-09, 5.74875529125e-11, 1.07465783234e-12],
        "max": [0.000119524396723, 0.0125727225095, 0.0213087797165, 0.00987594760954, 0.0193200279027, 0.00596611388028, 0.0177724603564, 0.020749848336, 0.0171856917441, 0.0179351847619, 0.0583350993693, 0.048701390624, 0.0659204646945, 0.0715779587626, 0.0368473827839, 0.0133498432115, 0.00873822066933, 0.00382261257619, 0.00408751983196, 0.00279836449772, 0.000912968011107, 0.000447091559181, 0.000452947831945, 0.00032573932549, 0.000475532375276, 8.52398807183e-05, 6.89438638801e-06],
        "mean": [7.32474927645e-06, 0.000509954465088, 0.00179604417644, 0.000746353063732, 0.0011574649252, 0.000438022514572, 0.000689849606715, 0.000380014360417, 0.000577443744987, 0.000266114046099, 0.00109747250099, 0.000954068033025, 0.00133413483854, 0.000804479408544, 0.00060972123174, 0.000658058910631, 0.000413168570958, 0.000304188521113, 0.000221016234718, 0.000177180554601, 7.73673455114e-05, 2.69980155281e-05, 2.56558068941e-05, 1.44748210005e-05, 1.49422094182e-05, 1.95540451386e-06, 1.27299472297e-07],
        "median": [5.01770682604e-06, 0.000142163131386, 0.000937959412113, 0.000270602991804, 0.000291824399028, 0.000201042828849, 0.000228256947594, 0.000104927341454, 0.000116911658552, 3.81661375286e-05, 6.76415656926e-05, 3.77687356377e-05, 4.97650726174e-05, 6.44145475235e-05, 8.18078842713e-05, 5.48012503714e-05, 6.50100046187e-05, 5.83589935559e-05, 4.29227584391e-05, 4.27691265941e-05, 1.52709471877e-05, 5.62461445952e-06, 7.75865464675e-06, 5.3359199228e-06, 2.39084465647e-06, 4.55749074035e-07, 1.70849823178e-08],
        "min": [5.41394332063e-24, 2.02659218521e-23, 3.3371605703e-23, 7.59597163309e-24, 3.29100116329e-23, 1.00158501071e-22, 7.93903367236e-23, 3.94211496378e-23, 1.56075675714e-22, 6.90584234995e-23, 2.25938371305e-22, 6.89202150689e-23, 1.51783527705e-22, 6.89369894072e-23, 2.84675591157e-22, 1.96183232158e-22, 1.73410597495e-22, 1.33944302925e-22, 3.53493847531e-22, 2.86245638928e-22, 3.82797518427e-22, 4.52088081603e-22, 6.46119591512e-22, 7.41587714967e-22, 1.43348723984e-21, 1.6825715979e-21, 2.1985982064e-21],
        "var": [8.67123178816e-11, 1.51240601554e-06, 6.04672641202e-06, 1.7645763819e-06, 5.95310712015e-06, 4.79595996694e-07, 1.56919486471e-06, 1.35219204367e-06, 1.94294807443e-06, 1.49513527958e-06, 2.08203691727e-05, 1.90686096175e-05, 4.80200142192e-05, 1.69850100065e-05, 4.15080558014e-06, 2.85462488137e-06, 7.96013978288e-07, 2.78288155187e-07, 1.97195774376e-07, 9.67898969861e-08, 1.44923326673e-08, 2.73581668431e-09, 2.26214469379e-09, 6.07425276744e-10, 1.92808924382e-09, 2.89067311754e-11, 2.79999927324e-13]
    },
    "erbbands": {
        "dmean": [0.00668744044378, 0.132602110505, 0.789821147919, 1.92116248608, 3.20410847664, 2.49194455147, 1.26152026653, 3.02379131317, 5.22273492813, 6.95909023285, 4.10347366333, 8.67355823517, 6.3946595192, 10.6359243393, 39.800579071, 22.7027301788, 24.6816864014, 30.8609695435, 18.0550785065, 25.9419517517, 16.5663795471, 11.6394615173, 8.99082660675, 7.72648382187, 4.93557786942, 3.43634104729, 2.21203613281, 1.18136096001, 0.652704954147, 0.428849071264, 0.500008702278, 0.205338105559, 0.118713214993, 0.130439966917, 0.123684868217, 0.0119561823085, 0.00214633834548, 0.000286953378236, 2.91466039926e-05, 6.61873309582e-06],
        "dmean2": [0.0115260975435, 0.224231645465, 1.24744391441, 3.10395717621, 5.41437625885, 4.28705596924, 2.17369031906, 5.21069335938, 8.58565807343, 10.6712188721, 6.41517925262, 13.0112991333, 9.23567962646, 15.8550806046, 58.5300331116, 31.5045471191, 31.5209026337, 41.1770095825, 25.8134727478, 38.4584770203, 24.0768070221, 17.3897781372, 12.8766183853, 10.9994544983, 7.03907871246, 4.93311166763, 3.179510355, 1.68821012974, 0.985203444958, 0.678492426872, 0.796764791012, 0.308997958899, 0.180064454675, 0.20181851089, 0.201702699065, 0.0189149100333, 0.00338219339028, 0.000452101434348, 5.14581370226e-05, 9.74139675236e-06],
        "dvar": [0.000304280722048, 0.112292960286, 2.11931204796, 14.5634355545, 52.7479896545, 33.7455596924, 6.06328344345, 38.8466529846, 137.58430481, 400.058410645, 169.645629883, 663.010437012, 350.383453369, 2701.58056641, 31745.8066406, 9507.59179688, 12711.7724609, 20217.1933594, 2639.5402832, 5381.37109375, 1912.15808105, 848.330566406, 349.891662598, 310.530334473, 171.414382935, 38.7425041199, 16.2820205688, 5.48968362808, 2.53176999092, 1.06767964363, 1.51254796982, 0.235578075051, 0.0843714252114, 0.181840002537, 0.16680303216, 0.00139434856828, 5.62417299079e-05, 1.02043713923e-06, 1.39045672753e-08, 1.44872197572e-10],
        "dvar2": [0.000829863070976, 0.281696587801, 5.26921606064, 37.1467933655, 143.266647339, 89.8241958618, 17.1693496704, 116.682014465, 336.962310791, 947.721801758, 369.770202637, 1691.1875, 709.041320801, 4822.93896484, 62938.5351562, 17419.1308594, 17541.171875, 42449.3476562, 5054.18066406, 11236.0683594, 4284.42285156, 1789.2401123, 733.108459473, 691.713562012, 344.560760498, 74.285446167, 32.9419326782, 10.8129005432, 6.23921823502, 2.67418384552, 3.83651638031, 0.517834603786, 0.206433400512, 0.509693145752, 0.442442983389, 0.00353359710425, 0.000135575974127, 2.17556544158e-06, 3.80975997416e-08, 3.17319198695e-10],
        "max": [0.153915837407, 3.39684462547, 15.8084831238, 37.918762207, 61.1325759888, 56.595375061, 25.9820652008, 62.2392997742, 164.832626343, 391.757019043, 209.597412109, 518.937011719, 346.689117432, 1208.80249023, 3132.93408203, 2425.4074707, 2657.3059082, 4196.41064453, 1009.86474609, 1615.79821777, 603.21081543, 605.508728027, 215.332641602, 326.311767578, 233.822738647, 85.2283172607, 52.5843887329, 24.3618030548, 17.2248344421, 11.1162929535, 19.3879680634, 10.0533485413, 5.64126253128, 7.07311248779, 5.02956295013, 0.554087340832, 0.131294474006, 0.0191640201956, 0.00119504879694, 0.00013601462706],
        "mean": [0.00715314457193, 0.164517328143, 1.49987637997, 2.98960042, 3.88993239403, 3.13934993744, 1.77631318569, 4.30578708649, 8.83624362946, 11.1616592407, 6.76072597504, 13.5209770203, 9.35936832428, 15.5679416656, 56.1197814941, 40.9467468262, 52.786857605, 56.3664360046, 26.7580013275, 37.9549446106, 28.5155582428, 23.1129932404, 17.5271434784, 14.7247991562, 10.4654865265, 7.66200351715, 4.68407583237, 2.42490077019, 1.02643060684, 0.692039847374, 0.724987506866, 0.372235029936, 0.212641969323, 0.155961111188, 0.113542668521, 0.0143371522427, 0.0032061249949, 0.000395553652197, 3.02204498439e-05, 1.75862278411e-05],
        "median": [0.00271094404161, 0.0601374432445, 0.806535363197, 1.3194372654, 0.887690782547, 0.867136001587, 0.881480038166, 1.7761592865, 3.36118078232, 3.18712067604, 2.62916660309, 3.04640054703, 1.68202137947, 2.18386745453, 3.12766265869, 1.95777475834, 2.62627840042, 3.96031761169, 5.04233694077, 5.47745704651, 3.83223295212, 3.68823719025, 4.00060558319, 3.35198426247, 2.32940268517, 2.17131018639, 1.24388623238, 0.441119074821, 0.193914279342, 0.2071210742, 0.225042641163, 0.12993735075, 0.0725975036621, 0.0333815850317, 0.0130364652723, 0.00290207518265, 0.00078658212442, 0.000102246209281, 7.66700577515e-06, 8.43450288812e-06],
        "min": [6.16175087883e-22, 4.94930998721e-21, 3.25493276906e-20, 3.05158818692e-20, 4.83973682882e-20, 7.53997164951e-20, 5.79908772007e-19, 8.03296341052e-19, 1.09599538988e-18, 1.08243314335e-18, 1.06416930562e-18, 3.06671380481e-18, 3.09071238233e-18, 5.98759111813e-18, 6.89127766554e-18, 2.81094831863e-18, 5.53052957553e-18, 4.48483845082e-18, 8.13248492214e-18, 1.57599463018e-17, 9.52555468099e-18, 9.64985345728e-18, 9.30671329659e-18, 9.23541942678e-18, 1.95080902545e-17, 1.33763310682e-17, 1.47447127944e-17, 1.80679787342e-17, 1.90542245242e-17, 1.23254063717e-17, 1.93808698763e-17, 1.37203687198e-17, 1.40477717693e-17, 1.54314943873e-17, 9.84134163318e-18, 5.48837190202e-18, 3.55500389707e-18, 1.11543341049e-18, 3.55197869078e-19, 3.26077117784e-20],
        "var": [0.000251943827607, 0.119352176785, 4.12102794647, 20.374420166, 62.6919021606, 42.9890823364, 7.69442272186, 48.579750061, 224.424804688, 661.319091797, 254.134048462, 1149.8770752, 642.876647949, 4674.83398438, 53811.7265625, 34922.09375, 62094.1523438, 67275.1328125, 5707.8671875, 9830.7890625, 3858.60107422, 2425.48266602, 924.742370605, 753.128417969, 491.196044922, 151.404846191, 46.1688537598, 16.004114151, 3.69297385216, 1.44677567482, 1.90940010548, 0.473401784897, 0.144565448165, 0.197742640972, 0.137570977211, 0.00155630486552, 6.98140138411e-05, 1.26714257931e-06, 9.72514335729e-09, 4.98939001226e-10]
    },
    "gfcc": {
        "mean": [-191.97807312, 92.3975219727, -129.372283936, 30.1398868561, -48.7653541565, 8.54184436798, -39.1391334534, 6.91824913025, -24.3384037018, -0.859022557735, -15.7681655884, -9.11213493347, -12.6517963409],
        "cov": [[89516.5625, 7315.65332031, -7550.41650391, 3883.73242188, -632.381286621, -121.090545654, -1587.97497559, 1000.57275391, -219.671096802, -236.66229248, -739.541503906, -1456.36096191, -1343.05908203], [7315.65332031, 1291.49194336, -543.522766113, 300.719665527, 47.9447212219, 16.1630134583, -80.9560546875, 61.9874954224, -30.2890014648, -13.4286766052, -61.412525177, -191.469818115, -156.564346313], [-7550.41650391, -543.522766113, 1188.68225098, -353.932006836, -25.6498203278, 15.1701030731, 94.9311981201, -71.6640167236, 8.17186927795, 55.4804344177, 19.3931617737, 135.222045898, 120.36340332], [3883.73242188, 300.719665527, -353.932006836, 378.063354492, -16.7008533478, -58.1527786255, -88.7981796265, 108.845161438, 41.5911216736, -14.2722272873, -80.50806427, -76.4376525879, -37.4467887878], [-632.381286621, 47.9447212219, -25.6498203278, -16.7008533478, 199.22088623, 47.5645942688, 47.7013931274, -25.3296604156, -6.90985059738, -13.2414979935, 39.6516456604, -3.10786676407, -16.89585495], [-121.090545654, 16.1630134583, 15.1701030731, -58.1527786255, 47.5645942688, 166.235031128, 46.1618080139, -26.414226532, -33.8889312744, -1.90169608593, 23.4935436249, -8.97159004211, -26.7077598572], [-1587.97497559, -80.9560546875, 94.9311981201, -88.7981796265, 47.7013931274, 46.1618080139, 161.409301758, -51.534740448, -12.0717191696, 3.37433481216, 39.4137153625, 18.7876987457, 7.12457227707], [1000.57275391, 61.9874954224, -71.6640167236, 108.845161438, -25.3296604156, -26.414226532, -51.534740448, 171.091461182, 50.1624565125, -20.2133255005, -48.5970230103, -17.9562892914, 27.0869979858], [-219.671096802, -30.2890014648, 8.17186927795, 41.5911216736, -6.90985059738, -33.8889312744, -12.0717191696, 50.1624565125, 101.466278076, 4.95517301559, -8.28911304474, 11.1756982803, 27.1153202057], [-236.66229248, -13.4286766052, 55.4804344177, -14.2722272873, -13.2414979935, -1.90169608593, 3.37433481216, -20.2133255005, 4.95517301559, 89.1944732666, 1.38040947914, 2.18904471397, -10.8545217514], [-739.541503906, -61.412525177, 19.3931617737, -80.50806427, 39.6516456604, 23.4935436249, 39.4137153625, -48.5970230103, -8.28911304474, 1.38040947914, 145.964248657, 14.8864660263, -18.8727474213], [-1456.36096191, -191.469818115, 135.222045898, -76.4376525879, -3.10786676407, -8.97159004211, 18.7876987457, -17.9562892914, 11.1756982803, 2.18904471397, 14.8864660263, 110.533554077, 50.1989784241], [-1343.05908203, -156.564346313, 120.36340332, -37.4467887878, -16.89585495, -26.7077598572, 7.12457227707, 27.0869979858, 27.1153202057, -10.8545217514, -18.8727474213, 50.1989784241, 106.798530579]],
        "icov": [[6.51125592412e-05, -0.000188686826732, 0.000221481444896, -0.000267637398792, 0.000250380340731, -0.000130612374051, 0.00022989694844, -5.34388309461e-05, 0.000158747832756, -5.020244771e-06, -1.02059493656e-05, -8.15356906969e-05, 0.000199637288461], [-0.000188686826732, 0.00183575600386, -0.000430494867032, 0.000359788362402, -0.00103950616904, 0.00033748880378, -0.000545763527043, 1.38944187711e-05, -0.000220251065912, -6.59135503156e-06, 0.000344199681422, 0.00137954682577, 0.000350118323695], [0.000221481444896, -0.000430494867032, 0.00215712585486, 0.000177932655788, 0.000900897197425, -0.000410980806919, 0.000568955263589, -0.000240258828853, 0.000341368548106, -0.000748642138205, 0.000430466199759, -0.000580437481403, 3.43157698808e-05], [-0.000267637398792, 0.000359788362402, 0.000177932655788, 0.00680914381519, -0.00132919987664, 0.00173237640411, -0.000198915469809, -0.00156353856437, -0.00208170688711, -0.000104880266008, 0.00191776035354, 0.0013281487627, 0.000213947540033], [0.000250380340731, -0.00103950616904, 0.000900897197425, -0.00132919987664, 0.00702739786357, -0.00178302917629, -0.000474345695693, 0.000290409661829, 6.02507025178e-05, 0.000967001426034, -0.00124232156668, -0.000618824560661, 0.000921585480683], [-0.000130612374051, 0.00033748880378, -0.000410980806919, 0.00173237640411, -0.00178302917629, 0.0079893078655, -0.00199185800739, -0.000771654071286, 0.00140824867412, 0.000115601636935, 0.000167097910889, 0.000583598623052, 0.0013766894117], [0.00022989694844, -0.000545763527043, 0.000568955263589, -0.000198915469809, -0.000474345695693, -0.00199185800739, 0.00911322049797, 0.00136210012715, 0.000103865917481, -3.91813227907e-05, -0.000843693269417, -9.11682093374e-07, -0.000325531553244], [-5.34388309461e-05, 1.38944187711e-05, -0.000240258828853, -0.00156353856437, 0.000290409661829, -0.000771654071286, 0.00136210012715, 0.0095283575356, -0.00359681574628, 0.00168772169854, 0.00101910927333, 0.00132307782769, -0.00294071668759], [0.000158747832756, -0.000220251065912, 0.000341368548106, -0.00208170688711, 6.02507025178e-05, 0.00140824867412, 0.000103865917481, -0.00359681574628, 0.0137492204085, -0.00184277247172, -0.00123806577176, -0.00111806672066, -0.00154550827574], [-5.020244771e-06, -6.59135503156e-06, -0.000748642138205, -0.000104880266008, 0.000967001426034, 0.000115601636935, -3.91813227907e-05, 0.00168772169854, -0.00184277247172, 0.012561022304, 0.000395624316297, -0.000100942525023, 0.00235248380341], [-1.02059493656e-05, 0.000344199681422, 0.000430466199759, 0.00191776035354, -0.00124232156668, 0.000167097910889, -0.000843693269417, 0.00101910927333, -0.00123806577176, 0.000395624316297, 0.00914445333183, -0.000704360660166, 0.00250815111212], [-8.15356906969e-05, 0.00137954682577, -0.000580437481403, 0.0013281487627, -0.000618824560661, 0.000583598623052, -9.11682093374e-07, 0.00132307782769, -0.00111806672066, -0.000100942525023, -0.000704360660166, 0.0146813578904, -0.00492219394073], [0.000199637288461, 0.000350118323695, 3.43157698808e-05, 0.000213947540033, 0.000921585480683, 0.0013766894117, -0.000325531553244, -0.00294071668759, -0.00154550827574, 0.00235248380341, 0.00250815111212, -0.00492219394073, 0.0170695465058]]
    },
    "melbands": {
        "dmean": [9.67453379417e-05, 0.000329639675329, 0.000323903223034, 0.000236566469539, 4.88354744448e-05, 6.67662825435e-05, 8.31740107969e-05, 7.27409205865e-05, 3.3435975638e-05, 5.75135272811e-05, 3.22260239045e-05, 3.86844185414e-05, 0.000113594454888, 9.06907298486e-05, 6.74059483572e-05, 6.04440101597e-05, 6.06991488894e-05, 2.93395278277e-05, 4.0009876102e-05, 3.46151646227e-05, 1.84003383765e-05, 1.25856768136e-05, 1.31098695419e-05, 7.60938974054e-06, 7.31784984964e-06, 3.89389242628e-06, 3.79473294743e-06, 2.48881178777e-06, 1.84401596925e-06, 9.11936297143e-07, 7.21958031136e-07, 4.61502253302e-07, 2.11012249451e-07, 2.96960166679e-07, 3.7200652514e-07, 1.68633434328e-07, 1.15770404818e-07, 8.93117544365e-08, 7.42083159366e-08, 1.26303461911e-07],
        "dmean2": [0.000165303179529, 0.000519564375281, 0.000527190393768, 0.000404440885177, 8.44703099574e-05, 0.000114701419079, 0.000134644986247, 0.000111062799988, 5.16773798154e-05, 8.67522467161e-05, 4.59402945125e-05, 5.7254335843e-05, 0.000169282619026, 0.000132921137265, 8.24691960588e-05, 7.62780473451e-05, 8.25844472274e-05, 4.37473863713e-05, 5.80626074225e-05, 5.06810138177e-05, 2.81594693661e-05, 1.94495587493e-05, 1.86817378562e-05, 1.12079869723e-05, 1.0553676475e-05, 5.61522801945e-06, 5.22385289514e-06, 3.64734410141e-06, 2.72078750641e-06, 1.28568456148e-06, 1.0836971569e-06, 7.16317003935e-07, 3.35919366989e-07, 4.79921482111e-07, 6.10336599038e-07, 2.62326778966e-07, 1.76660677198e-07, 1.36713509846e-07, 1.15484311891e-07, 1.97551514702e-07],
        "dvar": [6.66552040229e-08, 3.74346910803e-07, 3.63114395441e-07, 3.27261147959e-07, 1.00026067429e-08, 1.85154185317e-08, 3.38960859381e-08, 5.01268964115e-08, 1.05682573803e-08, 2.75713425424e-08, 9.43327194136e-09, 4.15648102603e-08, 2.42701304387e-07, 1.40447596664e-07, 1.52360556172e-07, 8.2764294973e-08, 7.86200686775e-08, 1.01826493903e-08, 1.91497520063e-08, 9.38889233026e-09, 2.28688201709e-09, 1.03034980548e-09, 1.08463049653e-09, 2.48457143748e-10, 3.02896707716e-10, 1.19887266781e-10, 9.41694430767e-11, 2.12127832661e-11, 1.2089601889e-11, 3.49277811534e-12, 2.20022589557e-12, 1.40212754601e-12, 3.59903486137e-13, 5.88797619602e-13, 1.00952080896e-12, 1.57306581498e-13, 1.05650866744e-13, 3.99109591947e-14, 6.35570833159e-14, 1.82968860874e-13],
        "dvar2": [1.7511013084e-07, 9.02816736925e-07, 9.20541765481e-07, 8.86904558683e-07, 2.78028551293e-08, 5.55154535675e-08, 8.08091797921e-08, 1.18360112822e-07, 2.2291956725e-08, 6.91135682018e-08, 1.89775875015e-08, 7.40798853371e-08, 4.61296252752e-07, 2.88845797058e-07, 1.99046965577e-07, 1.20087577216e-07, 1.68287087376e-07, 2.31575150167e-08, 3.47332651529e-08, 1.76607475311e-08, 5.7447842039e-09, 2.15395523639e-09, 2.1930850469e-09, 5.76313441414e-10, 6.67712607427e-10, 2.46356685052e-10, 1.75412392944e-10, 4.31612245944e-11, 2.51403065032e-11, 7.05853821573e-12, 4.74914595497e-12, 3.56493046888e-12, 9.41176173455e-13, 1.55017481056e-12, 2.66427635162e-12, 3.44801091975e-13, 2.52092590509e-13, 9.59412874125e-14, 1.62736889394e-13, 5.23832875948e-13],
        "max": [0.00249129137956, 0.00632127653807, 0.0059305196628, 0.00489017693326, 0.00129763095174, 0.00134857872035, 0.00311415852048, 0.00419296510518, 0.0018828350585, 0.00309765059501, 0.00184329436161, 0.00479148840532, 0.00849787797779, 0.00537088373676, 0.00980398617685, 0.00780937029049, 0.00797436386347, 0.00195559114218, 0.00405510608107, 0.00134525692556, 0.00063870253507, 0.000622051593382, 0.00048527715262, 0.000238656866713, 0.000322779436829, 0.00016485186643, 0.000175371969817, 6.88094005454e-05, 4.3011692469e-05, 2.50743378274e-05, 1.76775265572e-05, 1.40802767419e-05, 7.95642972662e-06, 8.18191711005e-06, 1.08874273792e-05, 6.75589535604e-06, 7.02774877936e-06, 2.87155762635e-06, 6.35975720797e-06, 7.65233289712e-06],
        "mean": [0.000102695456007, 0.000616851146333, 0.000530507299118, 0.000284210400423, 6.95970156812e-05, 9.54857168836e-05, 0.000142197211972, 0.000117280214909, 5.26447292941e-05, 8.9907545771e-05, 4.40777657786e-05, 5.17161206517e-05, 0.000165826859302, 0.000109994354716, 0.000144350007758, 0.000114602560643, 0.000102780315501, 3.62704631698e-05, 5.12407132192e-05, 5.44190661458e-05, 2.79867708741e-05, 2.24112500291e-05, 2.26304146054e-05, 1.25781916722e-05, 1.22409137475e-05, 6.40406869934e-06, 7.28035001885e-06, 4.88642263008e-06, 3.37159144692e-06, 1.8299220983e-06, 1.27639282255e-06, 6.39433324068e-07, 3.34001043711e-07, 4.19113064254e-07, 4.79099981021e-07, 2.99871061316e-07, 1.93526631165e-07, 1.53529498448e-07, 1.19105486363e-07, 1.35874117291e-07],
        "median": [3.35001495841e-05, 0.000337362580467, 0.000237571250182, 6.47932174616e-05, 3.42396306223e-05, 4.03371705033e-05, 5.1298069593e-05, 3.24956708937e-05, 1.78200207301e-05, 1.74403940036e-05, 6.91956893206e-06, 6.55744861433e-06, 9.1761303338e-06, 5.58034025744e-06, 4.46384001407e-06, 4.65878201794e-06, 6.75634237268e-06, 5.13596660312e-06, 6.05716104474e-06, 4.11182281823e-06, 3.55576162292e-06, 3.32693070959e-06, 3.36937546308e-06, 2.8044642022e-06, 2.03513491215e-06, 1.27015584894e-06, 1.3488413515e-06, 1.09746201815e-06, 8.17498062133e-07, 3.47593839933e-07, 1.51616617927e-07, 9.82057599686e-08, 9.0947786191e-08, 1.15442304605e-07, 1.229650195e-07, 1.01290609678e-07, 6.05794667763e-08, 4.39264411511e-08, 3.75017101817e-08, 2.24611440558e-08],
        "min": [5.89826999542e-24, 1.35906960458e-23, 6.48350065745e-24, 3.09251934192e-24, 1.67648498697e-23, 2.00560816959e-23, 1.56675064852e-23, 1.0557890319e-23, 9.05092775402e-24, 2.24772804074e-23, 1.51061278215e-23, 2.21564349001e-23, 2.65230024693e-23, 9.17094426327e-24, 8.89676540047e-24, 1.52060812313e-23, 7.26487251167e-24, 8.9417217946e-24, 2.73667302282e-23, 1.56266592675e-23, 9.51577114217e-24, 8.71038596756e-24, 1.31471913452e-23, 4.49724829458e-24, 7.09146984065e-24, 1.49333688609e-23, 9.86499434288e-24, 9.11096480207e-24, 1.00313043655e-23, 9.49438117872e-24, 9.86496752161e-24, 1.05658270485e-23, 8.35220130696e-24, 6.61958586892e-24, 1.14354215565e-23, 9.87629793079e-24, 8.13344071162e-24, 8.71762061092e-24, 1.26195877611e-23, 1.34159617776e-23],
        "var": [6.02547558515e-08, 7.10038648322e-07, 5.64708614093e-07, 3.81613944e-07, 1.32217898852e-08, 2.41540476509e-08, 5.85249608775e-08, 8.43137257789e-08, 1.73647798363e-08, 5.07974746711e-08, 1.64901940991e-08, 7.0941595709e-08, 4.57433031897e-07, 2.03096249152e-07, 7.55446990297e-07, 3.91148034851e-07, 2.34086513728e-07, 1.38261979643e-08, 3.46059785272e-08, 2.36009753962e-08, 4.21124868311e-09, 2.547809963e-09, 2.39872299801e-09, 5.14581988131e-10, 6.48420206417e-10, 2.55563098461e-10, 2.72885491981e-10, 7.6155498574e-11, 2.77058428283e-11, 9.57873450697e-12, 5.07717869483e-12, 1.74362390845e-12, 4.3425771876e-13, 6.39847224683e-13, 1.01239112579e-12, 3.43783215871e-13, 1.62479947032e-13, 7.24336159086e-14, 8.77654950126e-14, 1.80492014563e-13]
    },
    "mfcc": {
        "mean": [-776.825378418, 105.557159424, -15.5810194016, 22.5877819061, 8.20458316803, 0.831212282181, -0.35765132308, 0.11307837069, -1.53256702423, 4.05288553238, -4.07265710831, 1.63439464569, -1.60231089592],
        "cov": [[36836.9414062, 7168.82128906, -2276.43408203, 1941.58166504, 208.436660767, -371.445770264, -463.285186768, -38.9194755554, -165.734436035, 276.058319092, -459.904541016, 241.747940063, 6.98355531693], [7168.82128906, 2630.33178711, -315.944000244, 385.755554199, 134.181488037, 43.0284576416, 33.6889076233, -57.3224334717, -106.765739441, 71.3805084229, -47.7158355713, 27.6045074463, -42.3445663452], [-2276.43408203, -315.944000244, 506.315887451, -135.543182373, -1.74072229862, 21.4161624908, 16.5622310638, -28.5953998566, 53.9905281067, -35.7899169922, 60.6835403442, -43.684135437, -43.5813903809], [1941.58166504, 385.755554199, -135.543182373, 284.012878418, 31.8624038696, -51.4655151367, -56.9177131653, -0.713972806931, 39.0719871521, 30.8409729004, -39.2094154358, 31.9885158539, 2.91338610649], [208.436660767, 134.181488037, -1.74072229862, 31.8624038696, 164.234146118, -24.6262073517, 0.135717973113, 32.0196151733, -1.52812516689, 24.4937267303, -34.3911972046, 9.01973247528, 40.2570915222], [-371.445770264, 43.0284576416, 21.4161624908, -51.4655151367, -24.6262073517, 183.343383789, 62.2295532227, -7.59085321426, -33.5729408264, -18.6982154846, 50.8815994263, -10.0731925964, -21.4563808441], [-463.285186768, 33.6889076233, 16.5622310638, -56.9177131653, 0.135717973113, 62.2295532227, 144.911026001, 11.5081415176, -50.3015823364, 19.7392616272, 20.1954174042, 3.65114378929, -4.44121980667], [-38.9194755554, -57.3224334717, -28.5953998566, -0.713972806931, 32.0196151733, -7.59085321426, 11.5081415176, 97.0851364136, 23.7466545105, 8.68911170959, -25.3187389374, 0.105643413961, 22.2717456818], [-165.734436035, -106.765739441, 53.9905281067, 39.0719871521, -1.52812516689, -33.5729408264, -50.3015823364, 23.7466545105, 151.795898438, -7.53634357452, -20.2005577087, -27.0102367401, -11.2138853073], [276.058319092, 71.3805084229, -35.7899169922, 30.8409729004, 24.4937267303, -18.6982154846, 19.7392616272, 8.68911170959, -7.53634357452, 98.0055007935, -1.64805650711, -6.15848827362, -6.19151496887], [-459.904541016, -47.7158355713, 60.6835403442, -39.2094154358, -34.3911972046, 50.8815994263, 20.1954174042, -25.3187389374, -20.2005577087, -1.64805650711, 96.1955337524, 10.7161283493, -27.7203407288], [241.747940063, 27.6045074463, -43.684135437, 31.9885158539, 9.01973247528, -10.0731925964, 3.65114378929, 0.105643413961, -27.0102367401, -6.15848827362, 10.7161283493, 103.678115845, 34.6265029907], [6.98355531693, -42.3445663452, -43.5813903809, 2.91338610649, 40.2570915222, -21.4563808441, -4.44121980667, 22.2717456818, -11.2138853073, -6.19151496887, -27.7203407288, 34.6265029907, 99.0823516846]],
