{
"lowlevel": {
    "average_loudness": 0.896146297455,
    "barkbands_crest": {
        "dmean": 2.67004418373,
        "dmean2": 4.35286855698,
        "dvar": 5.90176057816,
        "dvar2": 14.8317146301,
        "max": 25.6938648224,
        "mean": 10.0265321732,
        "median": 9.1810798645,
        "min": 2.56347441673,
        "var": 18.2524490356
    },
    "barkbands_flatness_db": {
        "dmean": 0.0203391127288,
        "dmean2": 0.0305708050728,
        "dvar": 0.000418862851802,
        "dvar2": 0.000847982009873,
        "max": 0.346825063229,
        "mean": 0.143228173256,
        "median": 0.137335836887,
        "min": 0.0376616865396,
        "var": 0.00210951501504
    },
    "barkbands_kurtosis": {
        "dmean": 2.32857346535,
        "dmean2": 3.68609905243,
        "dvar": 17.4404220581,
        "dvar2": 39.2124824524,
        "max": 117.669837952,
        "mean": 2.9180598259,
        "median": 0.88253057003,
        "min": -1.82565701008,
        "var": 43.5271377563
    },
    "barkbands_skewness": {
        "dmean": 0.556754112244,
        "dmean2": 0.826836764812,
        "dvar": 0.333930939436,
        "dvar2": 0.692966222763,
        "max": 8.92429828644,
        "mean": 0.995985507965,
        "median": 0.969006896019,
        "min": -3.56680846214,
        "var": 1.73070859909
    },
    "barkbands_spread": {
        "dmean": 5.16902828217,
        "dmean2": 7.92929458618,
        "dvar": 32.3087005615,
        "dvar2": 74.5468826294,
        "max": 110.551849365,
        "mean": 21.4662876129,
        "median": 19.6274528503,
        "min": 1.05318570137,
        "var": 144.043258667
    },
    "dissonance": {
        "dmean": 0.0204583276063,
        "dmean2": 0.0349058657885,
        "dvar": 0.000508536351845,
        "dvar2": 0.00139343191404,
        "max": 0.500000119209,
        "mean": 0.465226441622,
        "median": 0.47343981266,
        "min": 0.267040610313,
        "var": 0.000817439460661
    },
    "dynamic_complexity": 5.17717981339,
    "erbbands_crest": {
        "dmean": 2.95533180237,
        "dmean2": 4.67586040497,
        "dvar": 9.25758361816,
        "dvar2": 21.3157348633,
        "max": 33.7261619568,
        "mean": 10.5243577957,
        "median": 8.49400138855,
        "min": 2.42214989662,
        "var": 39.7737884521
    },
    "erbbands_flatness_db": {
        "dmean": 0.020010124892,
        "dmean2": 0.0280239805579,
        "dvar": 0.000453613989521,
        "dvar2": 0.000786946970038,
        "max": 0.413134992123,
        "mean": 0.183849960566,
        "median": 0.172641962767,
        "min": 0.0397076867521,
        "var": 0.00342686334625
    },
    "erbbands_kurtosis": {
        "dmean": 1.19766581059,
        "dmean2": 1.84818375111,
        "dvar": 4.42366933823,
        "dvar2": 9.40415382385,
        "max": 51.5282707214,
        "mean": 1.15303575993,
        "median": -0.00824975967407,
        "min": -1.78129541874,
        "var": 13.2668170929
    },
    "erbbands_skewness": {
        "dmean": 0.398723065853,
        "dmean2": 0.594297289848,
        "dvar": 0.158826217055,
        "dvar2": 0.339341938496,
        "max": 4.35548591614,
        "mean": 0.029408166185,
        "median": 0.0319261886179,
        "min": -3.89443230629,
        "var": 0.796898543835
    },
    "erbbands_spread": {
        "dmean": 7.11589765549,
        "dmean2": 10.8462619781,
        "dvar": 64.4663162231,
        "dvar2": 140.823913574,
        "max": 111.957077026,
        "mean": 31.5047531128,
        "median": 30.4966030121,
        "min": 1.44829022884,
        "var": 275.466217041
    },
    "hfc": {
        "dmean": 5.76105976105,
        "dmean2": 7.38730144501,
        "dvar": 74.8576507568,
        "dvar2": 119.331504822,
        "max": 144.808624268,
        "mean": 16.569858551,
        "median": 8.02604293823,
        "min": 1.08132715737e-16,
        "var": 416.118530273
    },
    "melbands_crest": {
        "dmean": 3.41673064232,
        "dmean2": 5.53455162048,
        "dvar": 9.18604755402,
        "dvar2": 23.5893058777,
        "max": 34.2864761353,
        "mean": 14.0641078949,
        "median": 13.3629207611,
        "min": 2.49153780937,
        "var": 27.0095653534
    },
    "melbands_flatness_db": {
        "dmean": 0.0249879192561,
        "dmean2": 0.0374531932175,
        "dvar": 0.000657668453641,
        "dvar2": 0.00135613349266,
        "max": 0.470624595881,
        "mean": 0.201063796878,
        "median": 0.195716530085,
        "min": 0.00546830752864,
        "var": 0.00340199796483
    },
    "melbands_kurtosis": {
        "dmean": 5.07488965988,
        "dmean2": 7.97989654541,
        "dvar": 85.1159744263,
        "dvar2": 190.806930542,
        "max": 209.005599976,
        "mean": 8.33772277832,
        "median": 4.20597839355,
        "min": -1.83984601498,
        "var": 194.205917358
    },
    "melbands_skewness": {
        "dmean": 0.710790038109,
        "dmean2": 1.05295479298,
        "dvar": 0.564433455467,
        "dvar2": 1.17455291748,
        "max": 10.9934749603,
        "mean": 1.91237616539,
        "median": 1.8315808773,
        "min": -3.05074429512,
        "var": 2.72976374626
    },
    "melbands_spread": {
        "dmean": 7.85729122162,
        "dmean2": 11.9550237656,
        "dvar": 102.587310791,
        "dvar2": 233.733566284,
        "max": 210.952545166,
        "mean": 28.0999221802,
        "median": 24.7490787506,
        "min": 0.849984765053,
        "var": 344.841705322
    },
    "pitch_salience": {
        "dmean": 0.0755991116166,
        "dmean2": 0.122092023492,
        "dvar": 0.0046627712436,
        "dvar2": 0.0121833700687,
        "max": 0.895992636681,
        "mean": 0.530851900578,
        "median": 0.532470345497,
        "min": 0.124119885266,
        "var": 0.0122826592997
    },
    "silence_rate_20dB": {
        "dmean": 0,
        "dmean2": 0,
        "dvar": 0,
        "dvar2": 0,
        "max": 1,
        "mean": 1,
        "median": 1,
        "min": 1,
        "var": 0
    },
    "silence_rate_30dB": {
        "dmean": 0,
        "dmean2": 0,
        "dvar": 0,
        "dvar2": 0,
        "max": 1,
        "mean": 1,
        "median": 1,
        "min": 1,
        "var": 0
    },
    "silence_rate_60dB": {
        "dmean": 0.0642331168056,
        "dmean2": 0.12848636508,
        "dvar": 0.0601036213338,
        "dvar2": 0.126066878438,
        "max": 1,
        "mean": 0.186246871948,
        "median": 0,
        "min": 0,
        "var": 0.151554107666
    },
    "spectral_centroid": {
        "dmean": 236.954452515,
        "dmean2": 350.46697998,
        "dvar": 86673.625,
        "dvar2": 157710.390625,
        "max": 10915.5859375,
        "mean": 1431.68359375,
        "median": 1428.421875,
        "min": 168.804077148,
        "var": 435857.375
    },
    "spectral_complexity": {
        "dmean": 3.0985429287,
        "dmean2": 4.38827943802,
        "dvar": 14.788435936,
        "dvar2": 23.9150543213,
        "max": 50,
        "mean": 13.6697998047,
        "median": 12,
        "min": 0,
        "var": 74.6247940063
    },
    "spectral_decrease": {
        "dmean": 1.4133828552e-09,
        "dmean2": 2.03606043137e-09,
        "dvar": 3.91516329886e-18,
        "dvar2": 7.68095432271e-18,
        "max": -4.82056533591e-29,
        "mean": -3.87461129847e-09,
        "median": -2.52709719817e-09,
        "min": -2.81627734466e-08,
        "var": 1.53229583647e-17
    },
    "spectral_energy": {
        "dmean": 0.00578118814155,
        "dmean2": 0.008231789805,
        "dvar": 6.50275760563e-05,
        "dvar2": 0.00012410589261,
        "max": 0.112208276987,
        "mean": 0.0161266215146,
        "median": 0.0104643683881,
        "min": 1.00093983608e-20,
        "var": 0.000270124408416
    },
    "spectral_energyband_high": {
        "dmean": 0.00016022757336,
        "dmean2": 0.000230520687182,
        "dvar": 7.82434312896e-08,
        "dvar2": 1.61421283451e-07,
        "max": 0.00535760493949,
        "mean": 0.000336938945111,
        "median": 0.000133919456857,
        "min": 7.04014388696e-21,
        "var": 2.67962150247e-07
    },
    "spectral_energyband_low": {
        "dmean": 0.00193643802777,
        "dmean2": 0.00301505671814,
        "dvar": 1.36819917316e-05,
        "dvar2": 3.20293220284e-05,
        "max": 0.0605520941317,
        "mean": 0.00344612356275,
        "median": 0.00197086343542,
        "min": 6.02918690578e-23,
        "var": 2.03841773327e-05
    },
    "spectral_energyband_middle_high": {
        "dmean": 0.00292380340397,
        "dmean2": 0.00387247418985,
        "dvar": 3.11536605295e-05,
        "dvar2": 5.0586193538e-05,
        "max": 0.0970711782575,
        "mean": 0.00768823316321,
        "median": 0.0021361890249,
        "min": 1.45819794797e-21,
        "var": 0.000166292389622
    },
    "spectral_energyband_middle_low": {
        "dmean": 0.00270587857813,
        "dmean2": 0.00428494764492,
        "dvar": 2.19551075133e-05,
        "dvar2": 5.36563857167e-05,
        "max": 0.0593691281974,
        "mean": 0.00534489331767,
        "median": 0.0028702118434,
        "min": 3.01296549642e-22,
        "var": 4.06223007303e-05
    },
    "spectral_entropy": {
        "dmean": 0.172675982118,
        "dmean2": 0.248481854796,
        "dvar": 0.0312629677355,
        "dvar2": 0.057558529079,
        "max": 9.78745079041,
        "mean": 7.35917043686,
        "median": 7.38359022141,
        "min": 5.6926779747,
        "var": 0.178904175758
    },
    "spectral_flux": {
        "dmean": 0.0240337066352,
        "dmean2": 0.0375313200057,
        "dvar": 0.000779018970206,
        "dvar2": 0.0017973362701,
        "max": 0.321293115616,
        "mean": 0.0706119611859,
        "median": 0.0583954676986,
        "min": 1.0340318185e-10,
        "var": 0.00265328236856
    },
    "spectral_kurtosis": {
        "dmean": 2.08501768112,
        "dmean2": 3.54029083252,
        "dvar": 5.04638338089,
        "dvar2": 13.3207759857,
        "max": 27.5729370117,
        "mean": 5.84491014481,
        "median": 5.07065629959,
        "min": -1.23631024361,
        "var": 11.6133899689
    },
    "spectral_rms": {
        "dmean": 0.000683817372192,
        "dmean2": 0.00094402738614,
        "dvar": 6.87288036261e-07,
        "dvar2": 1.22731535157e-06,
        "max": 0.0104628624395,
        "mean": 0.00344955408946,
        "median": 0.00319517427124,
        "min": 3.12494257901e-12,
        "var": 3.83374344892e-06
    },
    "spectral_rolloff": {
        "dmean": 408.020996094,
        "dmean2": 676.482849121,
        "dvar": 544634.875,
        "dvar2": 1249742.625,
        "max": 18174.0234375,
        "mean": 1551.05712891,
        "median": 1464.2578125,
        "min": 21.533203125,
        "var": 1298447.5
    },
    "spectral_skewness": {
        "dmean": 0.243347287178,
        "dmean2": 0.398626387119,
        "dvar": 0.0563907511532,
        "dvar2": 0.141326323152,
        "max": 4.25148677826,
        "mean": 1.65520441532,
        "median": 1.620480299,
        "min": -0.00424985820428,
        "var": 0.216210111976
    },
    "spectral_spread": {
        "dmean": 524172.625,
        "dmean2": 774870.4375,
        "dvar": 771934912512,
        "dvar2": 1.29312371507e+12,
        "max": 41022772,
        "mean": 3826855.25,
        "median": 3505908.75,
        "min": 1407215.125,
        "var": 2.44940197069e+12
    },
    "spectral_strongpeak": {
        "dmean": 0.773911297321,
        "dmean2": 1.23550462723,
        "dvar": 1.87729871273,
        "dvar2": 4.14748573303,
        "max": 16.7298927307,
        "mean": 1.46989393234,
        "median": 0.337094724178,
        "min": 0,
        "var": 5.72234249115
    },
    "zerocrossingrate": {
        "dmean": 0.00882593449205,
        "dmean2": 0.0105032492429,
        "dvar": 0.000122449084301,
        "dvar2": 0.000162473254022,
        "max": 0.52685546875,
        "mean": 0.0592699535191,
        "median": 0.0556640625,
        "min": 0.0048828125,
        "var": 0.00117519532796
    },
    "barkbands": {
        "dmean": [7.0174423854e-06, 0.000733758788556, 0.00108515564352, 0.000796790758613, 0.00134634017013, 0.000376522919396, 0.000443163648015, 0.000316634133924, 0.000436782487668, 0.000371418049326, 0.000937588163652, 0.000834746519104, 0.000475030683447, 0.000514284300152, 0.000531968544237, 0.000496568216477, 0.000378443481168, 0.000242259440711, 0.000125728518469, 9.48305605561e-05, 5.3305640904e-05, 2.80987896986e-05, 2.60678825725e-05, 9.60527268035e-06, 2.28465687542e-05, 1.99687065106e-06, 2.63346919382e-07],
        "dmean2": [1.16162709674e-05, 0.00121975911316, 0.00174690631684, 0.00134903413709, 0.00227336795069, 0.000638734723907, 0.000702608725987, 0.000489452038892, 0.000631873845123, 0.000541553425137, 0.00139246426988, 0.00122878584079, 0.000628428882919, 0.000791930651758, 0.000788721255958, 0.000721193908248, 0.000555385195184, 0.00035979799577, 0.000185477096238, 0.000138281247928, 7.82857823651e-05, 4.35215370089e-05, 4.10170978284e-05, 1.42953831528e-05, 3.63716535503e-05, 2.99591852126e-06, 4.5718235242e-07],
        "dvar": [4.60857796369e-10, 3.0876310575e-06, 4.19193429479e-06, 2.55275972449e-06, 1.02230651464e-05, 6.04599961207e-07, 7.75832347699e-07, 1.42057899666e-06, 1.2951984445e-06, 2.3621391847e-06, 1.27096818687e-05, 1.19493543025e-05, 6.35618471279e-06, 5.27044767296e-06, 1.71180545294e-06, 1.97383269551e-06, 1.03759941794e-06, 2.7234992217e-07, 8.98925449633e-08, 3.26043405607e-08, 1.61964575085e-08, 4.76380712655e-09, 3.64683550025e-09, 4.66515159836e-10, 4.45668790761e-09, 3.41084764599e-11, 9.93869916921e-13],
        "dvar2": [1.04678232749e-09, 7.97110806161e-06, 1.10689616122e-05, 6.85489567331e-06, 2.73013629339e-05, 1.71053545728e-06, 1.726343271e-06, 3.51921062247e-06, 2.57591955233e-06, 4.51179812444e-06, 2.53353973676e-05, 2.16192856897e-05, 9.37864388106e-06, 1.13161368063e-05, 3.39540360983e-06, 3.95176039092e-06, 2.03139757105e-06, 5.86924500112e-07, 1.88936965628e-07, 6.35341663724e-08, 3.02729290524e-08, 1.20126690817e-08, 9.44559008786e-09, 1.01010633191e-09, 1.14951275165e-08, 8.17503564843e-11, 2.67330992412e-12],
        "max": [0.00132225488778, 0.0326283983886, 0.029332600534, 0.0204272121191, 0.0321937277913, 0.0172132179141, 0.0215223599225, 0.0415867306292, 0.0313856601715, 0.0506776496768, 0.0695299059153, 0.094974540174, 0.0797214955091, 0.0869426578283, 0.0453514419496, 0.0333662778139, 0.0377074070275, 0.0106069296598, 0.00999528821558, 0.00375854410231, 0.00325710466132, 0.000852255732752, 0.000999880605377, 0.00060694955755, 0.000810780969914, 0.000180145187187, 1.72057116288e-05],
        "mean": [9.62816920946e-06, 0.000912690302357, 0.00190329400357, 0.000962545222137, 0.00164071761537, 0.000567130337004, 0.000791701604612, 0.000531549390871, 0.000702552089933, 0.000642480328679, 0.0013947119005, 0.00135463639162, 0.000807511562016, 0.000764281430747, 0.000734737666789, 0.000731213774998, 0.000623606552836, 0.000409352593124, 0.000221972863073, 0.000188473248272, 0.000116588176752, 3.79233933927e-05, 3.51971466444e-05, 1.6548221538e-05, 2.25987969316e-05, 2.75658794635e-06, 2.31050265143e-07],
        "median": [6.67398808218e-06, 0.000334780896083, 0.0011279117316, 0.000394873088226, 0.000455455825431, 0.000254715094343, 0.000324682536302, 0.000161979085533, 0.000157220332767, 6.17804762442e-05, 0.000106712526758, 6.27619883744e-05, 8.51297590998e-05, 9.15623822948e-05, 0.000121336663142, 9.90194093902e-05, 0.000120711454656, 0.000111666071462, 6.45957115921e-05, 5.65318041481e-05, 2.92682198051e-05, 9.23988227441e-06, 1.19462238217e-05, 6.38720848656e-06, 3.49010929312e-06, 6.94520508659e-07, 2.42059421396e-08],
        "min": [4.39957903147e-24, 4.02928930029e-24, 3.38423347824e-23, 2.25809698626e-23, 2.59192872185e-23, 4.55639621751e-23, 3.53724756585e-23, 2.65648026309e-23, 4.83104539918e-23, 6.87619758822e-23, 3.57320479254e-23, 1.14641760098e-22, 6.9918685783e-23, 5.50312775361e-23, 8.46093331875e-23, 1.51816596754e-22, 1.46244525082e-22, 1.31650143951e-22, 2.23670061726e-22, 2.81955598755e-22, 3.37112879466e-22, 3.36393816974e-22, 5.08763130695e-22, 8.81221194388e-22, 1.15484066646e-21, 1.50404800791e-21, 2.21486979416e-21],
        "var": [4.50508019778e-10, 3.02577814182e-06, 6.0472361838e-06, 2.60028696175e-06, 1.1439440641e-05, 8.79351148342e-07, 2.20947572416e-06, 1.95391271518e-06, 3.30892521561e-06, 8.98955022421e-06, 2.57700285147e-05, 3.87695217796e-05, 2.16089883907e-05, 1.19507903946e-05, 3.49474703398e-06, 3.86438978239e-06, 3.10162317874e-06, 6.11177654264e-07, 1.99537296908e-07, 1.03298354759e-07, 6.62942909457e-08, 5.5757363171e-09, 3.97004162878e-09, 8.61989535306e-10, 3.96939237035e-09, 4.92752713632e-11, 7.94226555183e-13]
    },
    "erbbands": {
        "dmean": [0.00999429821968, 0.203436017036, 0.950065493584, 2.35295248032, 4.77105712891, 3.59667086601, 1.65158307552, 3.79267144203, 5.89805984497, 6.92232179642, 6.01259326935, 9.88980388641, 9.90375518799, 20.07380867, 40.3395652771, 29.2250041962, 19.161863327, 27.7095661163, 20.8109722137, 30.8396987915, 22.0102615356, 18.9775867462, 12.3250818253, 9.14861965179, 4.74138593674, 3.85726284981, 2.8586742878, 1.77304756641, 1.01394212246, 0.645117223263, 0.740754842758, 0.228303596377, 0.158853232861, 0.177104741335, 0.209994181991, 0.0175635349005, 0.0031680688262, 0.000476084504044, 4.69073020213e-05, 8.91434683581e-06],
        "dmean2": [0.0168446302414, 0.334537357092, 1.52695405483, 3.83563399315, 8.06943702698, 6.13077545166, 2.76573824883, 6.47799110413, 9.40006637573, 10.7967720032, 9.06319141388, 14.2762680054, 13.9605140686, 27.7355918884, 57.6974143982, 39.6532402039, 24.4834861755, 40.6522598267, 30.0680274963, 45.1916313171, 31.1953048706, 26.9618549347, 17.6358547211, 12.8331232071, 6.67312383652, 5.55075311661, 4.17438697815, 2.63085865974, 1.56742417812, 0.969395816326, 1.17074489594, 0.341568022966, 0.23607057333, 0.269738942385, 0.345684349537, 0.0266973488033, 0.00473316712305, 0.000741547672078, 8.00014822744e-05, 1.30044072648e-05],
        "dvar": [0.000633003248367, 0.223126366735, 3.23373866081, 20.4431037903, 116.866699219, 68.3041000366, 9.4344329834, 68.2163238525, 143.865509033, 385.375946045, 387.395965576, 680.070983887, 1259.58874512, 6890.41064453, 25878.0175781, 17036.65625, 7402.90332031, 14786.0371094, 2780.15234375, 5640.02294922, 3690.77050781, 3122.17138672, 711.142272949, 480.593536377, 127.382499695, 49.7054252625, 39.3721008301, 18.5345554352, 6.28011274338, 1.71689891815, 3.15505456924, 0.220502719283, 0.182716101408, 0.252189308405, 0.441748648882, 0.00205615675077, 9.48892120505e-05, 2.5645081223e-06, 2.99241769142e-08, 2.37621256005e-10],
        "dvar2": [0.00168883695733, 0.566715478897, 8.34973812103, 52.5266456604, 311.310180664, 183.014038086, 25.2224769592, 193.653945923, 321.683288574, 947.958190918, 848.823120117, 1407.30151367, 2444.02832031, 12309.4814453, 51392.1640625, 27450.828125, 10577.7353516, 30896.9628906, 5485.73046875, 11424.8222656, 7987.79492188, 5525.93164062, 1492.02270508, 926.351867676, 243.20463562, 93.9234542847, 75.568572998, 34.1167411804, 15.819316864, 4.02512216568, 8.21363639832, 0.496152967215, 0.381868571043, 0.614702999592, 1.16639173031, 0.0050070816651, 0.000226546850172, 6.15615090283e-06, 8.13830567381e-08, 5.52227596984e-10],
        "max": [0.417104661465, 9.84342098236, 39.2432403564, 58.8305206299, 110.560569763, 101.02180481, 41.7173423767, 209.962753296, 332.061462402, 686.393005371, 628.986328125, 820.350952148, 1295.40808105, 2486.35180664, 3772.70825195, 4741.98925781, 3283.80664062, 5101.79199219, 1400.14819336, 1959.36437988, 1336.69946289, 2575.7668457, 700.501159668, 888.255004883, 283.401580811, 179.498840332, 159.699874878, 177.901824951, 32.4223861694, 22.463809967, 31.0476284027, 12.5687627792, 16.1309509277, 10.4028911591, 8.93998622894, 0.925304472446, 0.344770222902, 0.0688643306494, 0.00302909268066, 0.000229523502639],
        "mean": [0.0111804977059, 0.275928080082, 1.73779249191, 3.39965701103, 5.44462919235, 4.46392631531, 2.51000738144, 5.66183853149, 10.8170289993, 11.9385356903, 11.4126186371, 16.0473403931, 15.5642881393, 38.0127449036, 61.4586448669, 55.7644958496, 38.0583648682, 45.8883743286, 31.297952652, 42.2290458679, 36.3601722717, 34.2328910828, 22.9250125885, 17.2034168243, 9.72749423981, 8.55542373657, 6.41353750229, 3.54343128204, 1.46779942513, 1.01845765114, 0.983087658882, 0.393884003162, 0.266391187906, 0.209065616131, 0.187385946512, 0.021105311811, 0.00445351703092, 0.000609051028732, 4.86186509079e-05, 2.18590539589e-05],
        "median": [0.00458813318983, 0.119832858443, 1.1229865551, 1.53382134438, 1.50576412678, 1.26080048084, 1.25545191765, 2.31269717216, 4.80857276917, 4.67447185516, 4.11380338669, 4.1072640419, 2.56525230408, 3.79807043076, 4.65284538269, 3.48979854584, 5.14116573334, 6.71905899048, 7.82279968262, 7.7355222702, 7.35513544083, 7.36428260803, 7.05690097809, 5.28743696213, 3.28135871887, 2.89067029953, 1.90151000023, 0.821218848228, 0.361131370068, 0.316495716572, 0.338138848543, 0.163340523839, 0.0904674679041, 0.0444760732353, 0.0202754288912, 0.00438941875473, 0.00114912667777, 0.000151280662976, 1.21907742141e-05, 1.35576974571e-05],
        "min": [1.90068310587e-22, 1.0714166946e-21, 2.35161858217e-20, 4.5333097096e-20, 5.11316816577e-20, 1.06184348053e-19, 2.78927732396e-19, 3.63053138066e-19, 3.94158799712e-19, 5.62981347951e-19, 8.63248220501e-19, 8.2799393789e-19, 1.66724270199e-18, 3.02976013133e-18, 2.81010314684e-18, 4.35536400544e-18, 3.31924398081e-18, 2.72855864808e-18, 4.04336099096e-18, 7.10259377431e-18, 8.03188652476e-18, 7.63449820514e-18, 6.96518418532e-18, 8.7088842253e-18, 1.23296721421e-17, 1.22076009632e-17, 1.1737742523e-17, 1.55169619969e-17, 1.37680912509e-17, 1.15889666452e-17, 1.63322080475e-17, 1.67855311474e-17, 1.38624295454e-17, 1.19072632633e-17, 9.27384527495e-18, 5.64843176414e-18, 3.02272847573e-18, 1.20020680877e-18, 3.12404067828e-19, 2.78335774808e-20],
        "var": [0.00051091320347, 0.234812378883, 4.63496112823, 25.973487854, 124.466400146, 82.0736923218, 14.0655994415, 97.9094085693, 447.670471191, 615.915649414, 826.927734375, 1592.98913574, 2817.79199219, 28846.7324219, 52288.3867188, 70673.984375, 31314.4511719, 40708.3515625, 5666.07324219, 9669.91015625, 6841.39794922, 10153.1982422, 1671.98779297, 1189.28222656, 366.6434021, 194.620925903, 157.848571777, 65.8610687256, 7.8335776329, 3.16148138046, 3.27080154419, 0.42172729969, 0.31811401248, 0.286623090506, 0.349145442247, 0.00253060320392, 0.000140985081089, 3.09284428113e-06, 2.38109105766e-08, 5.56721946321e-10]
    },
    "gfcc": {
        "mean": [-76.1183242798, 102.420501709, -134.952941895, 32.9178771973, -49.139831543, 9.59607219696, -39.10754776, 7.57291078568, -23.4861927032, -0.243516892195, -16.4268760681, -8.31209659576, -13.8626708984],
        "cov": [[25471.59375, 1182.52697754, -2349.23364258, 1140.93078613, -253.431121826, 2.76191592216, -460.149017334, 292.914001465, -47.4217758179, -119.08203125, -285.413116455, -315.192962646, -179.187332153], [1182.52697754, 1073.63439941, 131.268539429, 13.1252813339, 135.295959473, 19.0962734222, 97.5094604492, -93.5658035278, -45.2459449768, -18.5823326111, 12.2715272903, -106.862998962, -59.6689147949], [-2349.23364258, 131.268539429, 1010.8258667, -29.0202484131, -84.7198410034, 79.8201980591, -21.0702838898, -45.2763633728, -47.6163787842, 84.0053787231, -88.6509933472, 39.6164016724, -12.9572629929], [1140.93078613, 13.1252813339, -29.0202484131, 305.13168335, -3.51831865311, -43.0443382263, -26.1230106354, 33.3789405823, 32.5429229736, 15.2138299942, -58.4407501221, -16.4114627838, 3.66060018539], [-253.431121826, 135.295959473, -84.7198410034, -3.51831865311, 234.198471069, 43.733745575, 61.5387649536, -14.3054533005, -5.47605991364, -30.8153762817, 39.4477920532, -18.0864276886, -23.9868717194], [2.76191592216, 19.0962734222, 79.8201980591, -43.0443382263, 43.733745575, 211.122665405, 54.0424041748, -40.8137245178, -51.0583839417, -16.5159873962, 37.5812110901, -3.43605995178, -32.3963813782], [-460.149017334, 97.5094604492, -21.0702838898, -26.1230106354, 61.5387649536, 54.0424041748, 176.046920776, -31.7311267853, -22.56524086, -8.27897930145, 43.6404266357, -11.6073656082, -14.111992836], [292.914001465, -93.5658035278, -45.2763633728, 33.3789405823, -14.3054533005, -40.8137245178, -31.7311267853, 167.181045532, 69.3358840942, -10.2884397507, -27.7033481598, -4.17850255966, 23.0588359833], [-47.4217758179, -45.2459449768, -47.6163787842, 32.5429229736, -5.47605991364, -51.0583839417, -22.56524086, 69.3358840942, 123.427124023, 21.3025684357, -9.72724437714, 1.75717592239, 4.65984344482], [-119.08203125, -18.5823326111, 84.0053787231, 15.2138299942, -30.8153762817, -16.5159873962, -8.27897930145, -10.2884397507, 21.3025684357, 117.027603149, 0.356668800116, 3.47896814346, -17.1421985626], [-285.413116455, 12.2715272903, -88.6509933472, -58.4407501221, 39.4477920532, 37.5812110901, 43.6404266357, -27.7033481598, -9.72724437714, 0.356668800116, 151.556533813, 0.191054567695, -37.7134895325], [-315.192962646, -106.862998962, 39.6164016724, -16.4114627838, -18.0864276886, -3.43605995178, -11.6073656082, -4.17850255966, 1.75717592239, 3.47896814346, 0.191054567695, 88.8563842773, 27.8350105286], [-179.187332153, -59.6689147949, -12.9572629929, 3.66060018539, -23.9868717194, -32.3963813782, -14.111992836, 23.0588359833, 4.65984344482, -17.1421985626, -37.7134895325, 27.8350105286, 99.3338623047]],
        "icov": [[0.000134242975037, -0.000298246275634, 0.00046996481251, -0.000408704770962, 0.000381591118639, -0.000413228815887, 0.000419478543336, -0.000358836259693, 0.000399367767386, -0.000168882572325, 0.000329014175804, -0.0001853662543, 0.000368617416825], [-0.000298246275634, 0.00196702452376, -0.00136622472201, 0.000829404976685, -0.0014646477066, 0.00134702213109, -0.00137783982791, 0.00147282565013, -0.000911605951842, 0.000733899651095, -0.000712236855179, 0.00190864317119, -0.000653042457998], [0.00046996481251, -0.00136622472201, 0.00301390117966, -0.00120969431009, 0.00177097390406, -0.00216055917554, 0.00160442513879, -0.00136261770967, 0.00182110082824, -0.00163879303727, 0.00218841596507, -0.00161315419246, 0.00164671905804], [-0.000408704770962, 0.000829404976685, -0.00120969431009, 0.00501524005085, -0.00136708200444, 0.00153474381659, -0.00112400332, 0.000793659826741, -0.00165141152684, -6.02734144195e-05, 0.000539649801794, 0.000953887880314, -0.000750500475988], [0.000381591118639, -0.0014646477066, 0.00177097390406, -0.00136708200444, 0.00659327628091, -0.00203292188235, 3.54108487954e-05, -0.00105790700763, 0.000581582251471, 0.000589761999436, 0.000395348557504, -0.000805917545222, 0.0017200850416], [-0.000413228815887, 0.00134702213109, -0.00216055917554, 0.00153474381659, -0.00203292188235, 0.00775152584538, -0.0026009301655, 0.00134732411243, 0.00053716142429, 0.00158097560052, -0.00182621774729, 0.000814623315819, 0.000406236969866], [0.000419478543336, -0.00137783982791, 0.00160442513879, -0.00112400332, 3.54108487954e-05, -0.0026009301655, 0.00848448555917, -0.000671947724186, 0.00152943166904, -0.000820359156933, -0.000314518809319, -0.000242891153903, 0.000436710368376], [-0.000358836259693, 0.00147282565013, -0.00136261770967, 0.000793659826741, -0.00105790700763, 0.00134732411243, -0.000671947724186, 0.00989154912531, -0.00584089616314, 0.00214459281415, -0.000288573268335, 0.00220717443153, -0.00226121069863], [0.000399367767386, -0.000911605951842, 0.00182110082824, -0.00165141152684, 0.000581582251471, 0.00053716142429, 0.00152943166904, -0.00584089616314, 0.013420522213, -0.00312894512899, 0.000807720934972, -0.00147550622933, 0.00191059662029], [-0.000168882572325, 0.000733899651095, -0.00163879303727, -6.02734144195e-05, 0.000589761999436, 0.00158097560052, -0.000820359156933, 0.00214459281415, -0.00312894512899, 0.0109618101269, -0.00113604695071, 0.000350302172592, 0.00147730507888], [0.000329014175804, -0.000712236855179, 0.00218841596507, 0.000539649801794, 0.000395348557504, -0.00182621774729, -0.000314518809319, -0.000288573268335, 0.000807720934972, -0.00113604695071, 0.0102383010089, -0.00190044322517, 0.0041391318664], [-0.0001853662543, 0.00190864317119, -0.00161315419246, 0.000953887880314, -0.000805917545222, 0.000814623315819, -0.000242891153903, 0.00220717443153, -0.00147550622933, 0.000350302172592, -0.00190044322517, 0.015241349116, -0.00477199302986], [0.000368617416825, -0.000653042457998, 0.00164671905804, -0.000750500475988, 0.0017200850416, 0.000406236969866, 0.000436710368376, -0.00226121069863, 0.00191059662029, 0.00147730507888, 0.0041391318664, -0.00477199302986, 0.0147909689695]]
    },
    "melbands": {
        "dmean": [0.000148969673319, 0.000412456865888, 0.000429991545388, 0.000351964641595, 6.47775596008e-05, 8.21077192086e-05, 9.13128242246e-05, 7.39667375456e-05, 4.89996782562e-05, 6.68144275551e-05, 4.93424595334e-05, 7.60268085287e-05, 0.000125042235595, 0.000105803650513, 6.36429031147e-05, 4.39933392045e-05, 5.50703916815e-05, 3.29845752276e-05, 4.65107659693e-05, 4.02346304327e-05, 2.61101540673e-05, 2.24962313951e-05, 1.65913752426e-05, 1.1794249076e-05, 8.13098813524e-06, 3.77346646019e-06, 3.48848129761e-06, 2.83185977423e-06, 2.3288405373e-06, 1.40886356803e-06, 1.08549727429e-06, 7.18839373803e-07, 3.00614630078e-07, 4.39255643414e-07, 5.83264693432e-07, 1.86706486716e-07, 1.26903969999e-07, 1.18824786455e-07, 9.85610100201e-08, 1.72830411316e-07],
        "dmean2": [0.000248656695476, 0.000651921203826, 0.000708068080712, 0.000599616556428, 0.000108926957182, 0.000140036383527, 0.000144805482705, 0.00011583667947, 7.36158981454e-05, 9.62900812738e-05, 6.98431322235e-05, 0.000106880703242, 0.000179248498171, 0.000148038874613, 8.40173888719e-05, 5.85523157497e-05, 8.25445968076e-05, 4.85379205202e-05, 6.91253662808e-05, 5.83644505241e-05, 3.79522753065e-05, 3.24697903125e-05, 2.4261929866e-05, 1.72770251083e-05, 1.15871498565e-05, 5.57640123588e-06, 4.93982679473e-06, 4.17325099988e-06, 3.47465220329e-06, 2.12458576243e-06, 1.66605002505e-06, 1.14078227398e-06, 4.52254596439e-07, 6.8595375069e-07, 9.43203815496e-07, 2.86338575961e-07, 1.94360779915e-07, 1.8013545855e-07, 1.47486417745e-07, 2.6807427389e-07],
        "dvar": [1.32726853508e-07, 6.17136151959e-07, 5.65507775718e-07, 7.12856660812e-07, 1.53541339643e-08, 3.07574019587e-08, 3.19725899089e-08, 5.73306060403e-08, 2.48662175295e-08, 3.18453530213e-08, 3.25833582338e-08, 1.05282239815e-07, 2.33511883607e-07, 1.86002381497e-07, 1.18595430365e-07, 4.10980014465e-08, 5.89709898691e-08, 9.81982761772e-09, 1.43765452876e-08, 1.40392524273e-08, 5.10711162249e-09, 4.53984938531e-09, 1.88115323319e-09, 7.90310705767e-10, 4.29931285018e-10, 8.75101796582e-11, 6.37201957865e-11, 2.88506406265e-11, 2.72413532704e-11, 1.43964120139e-11, 7.13118409809e-12, 3.72965547335e-12, 4.30598455113e-13, 9.38580051353e-13, 2.40059296226e-12, 1.477670525e-13, 8.92270944088e-14, 1.00691983505e-13, 9.84064514446e-14, 2.72651015263e-13],
        "dvar2": [3.46571852106e-07, 1.51551603267e-06, 1.45701983456e-06, 1.91965932572e-06, 4.1069529999e-08, 8.65498606117e-08, 7.18713408787e-08, 1.45714011524e-07, 5.18921474679e-08, 6.44863860089e-08, 6.20163689291e-08, 1.89152885355e-07, 4.60401082591e-07, 3.39699681717e-07, 1.71546545857e-07, 6.41810586899e-08, 1.24662179246e-07, 2.09727932798e-08, 2.91466086821e-08, 2.61934225421e-08, 1.09790931901e-08, 7.96982213558e-09, 4.17823819987e-09, 1.55465373908e-09, 8.44545933187e-10, 1.81601900184e-10, 1.17727327886e-10, 5.76167898114e-11, 5.50303691504e-11, 3.04503471049e-11, 1.49184518905e-11, 9.71456682458e-12, 9.8688776335e-13, 2.32777989592e-12, 6.37017652169e-12, 3.33855501838e-13, 2.1393249585e-13, 2.23158256739e-13, 1.96947018698e-13, 6.94015266263e-13],
        "max": [0.00506961159408, 0.0186424795538, 0.00938963145018, 0.0083283521235, 0.00192723295186, 0.00418164022267, 0.00456595700234, 0.00903292372823, 0.00466784555465, 0.00582149485126, 0.00663619861007, 0.00936515722424, 0.0100838420913, 0.0125572485849, 0.0117864822969, 0.00943002104759, 0.00971493218094, 0.00242225616239, 0.00499877752736, 0.0026934556663, 0.00167161610443, 0.00257169175893, 0.00108848814853, 0.000649965018965, 0.000817477761302, 0.00020483249682, 0.000212443905184, 0.000138867864734, 0.000135774724185, 0.000115343216748, 8.84445689735e-05, 2.53083489952e-05, 1.25580700114e-05, 1.49369507199e-05, 2.77273011307e-05, 8.20339209895e-06, 8.73498174769e-06, 1.14313816084e-05, 1.07022715383e-05, 9.78303887678e-06],
        "mean": [0.000176790883415, 0.000755538465455, 0.000630321505014, 0.000401620956836, 9.78981115622e-05, 0.00012414251978, 0.000170045197592, 0.000126911007101, 9.16483040783e-05, 0.000105592262116, 7.29476159904e-05, 0.00014066255244, 0.000191814251593, 0.000152755485033, 0.000132867877255, 7.41603871575e-05, 8.59971405589e-05, 4.25185316999e-05, 6.13664888078e-05, 5.67636961932e-05, 3.87471300201e-05, 3.66637541447e-05, 2.64755071839e-05, 1.86519373528e-05, 1.37689157782e-05, 6.25804113952e-06, 6.66034884489e-06, 5.62941204407e-06, 4.47372485723e-06, 2.95315680887e-06, 1.75338368535e-06, 9.07027811081e-07, 4.90536763209e-07, 6.2130192191e-07, 6.91979153089e-07, 3.08821000772e-07, 2.05051563285e-07, 1.92963497625e-07, 1.52433031531e-07, 1.84081841326e-07],
        "median": [6.91660970915e-05, 0.000481967377709, 0.000292089534923, 0.000102091958979, 4.64139448013e-05, 5.14300045324e-05, 7.57441885071e-05, 4.92536310048e-05, 2.95711906801e-05, 2.31247249758e-05, 9.64836544881e-06, 1.17428498925e-05, 1.41220734804e-05, 8.69514951773e-06, 7.4537265391e-06, 8.85108602233e-06, 1.00047836895e-05, 8.67383914738e-06, 8.61882472236e-06, 6.60430077914e-06, 6.8142148848e-06, 6.52175276628e-06, 5.75420835958e-06, 4.68053485747e-06, 3.55073007086e-06, 1.92386346498e-06, 1.97669305635e-06, 1.49098877955e-06, 1.14259319162e-06, 6.45329407689e-07, 3.23409750536e-07, 1.86563511306e-07, 1.41919983321e-07, 1.73638824208e-07, 2.05766866657e-07, 1.18780221214e-07, 7.71750592321e-08, 6.4871173322e-08, 4.23994528376e-08, 3.21699928918e-08],
        "min": [1.56125621259e-24, 9.1296047964e-24, 1.07099811238e-23, 7.14256357262e-24, 7.80245124186e-24, 8.04101855682e-24, 6.27617854523e-24, 5.29480165812e-24, 6.82350799064e-24, 6.05787746136e-24, 7.76815630287e-24, 1.19658681953e-23, 6.83565171542e-24, 1.25524075776e-23, 7.77451925493e-24, 6.03199651278e-24, 4.72940848126e-24, 6.15225401905e-24, 7.43681973432e-24, 1.16407139296e-23, 9.14107325624e-24, 6.93574159821e-24, 7.55468975306e-24, 6.70085195279e-24, 6.81331433003e-24, 9.12799630901e-24, 1.15725713358e-23, 6.36503741532e-24, 5.80340631612e-24, 8.08717086408e-24, 9.7753040134e-24, 7.09001123684e-24, 4.27637986289e-24, 6.84241067565e-24, 8.54577751791e-24, 1.09576029842e-23, 9.87946520733e-24, 9.13523884098e-24, 9.1199010184e-24, 1.07446215839e-23],
        "var": [1.18885111533e-07, 9.04781472855e-07, 7.49164257741e-07, 7.42033762435e-07, 2.26405845183e-08, 4.71341721209e-08, 1.0147278573e-07, 8.16707768081e-08, 6.30445597949e-08, 7.83064209031e-08, 7.3455360905e-08, 4.54356808177e-07, 4.82307143557e-07, 4.39039382627e-07, 5.88517707456e-07, 1.58742011536e-07, 1.515780923e-07, 1.45985383782e-08, 2.6190315694e-08, 2.79678715742e-08, 9.35348154485e-09, 1.507702585e-08, 3.55461682311e-09, 1.69000580197e-09, 9.47438349996e-10, 1.85190696111e-10, 1.82021286932e-10, 1.04150722768e-10, 8.53205561757e-11, 5.16700675302e-11, 1.65414799913e-11, 3.74969629999e-12, 8.3107061814e-13, 1.33526317173e-12, 2.14470628757e-12, 2.88734097395e-13, 1.40900976325e-13, 1.63953215154e-13, 1.65570438219e-13, 2.67857052727e-13]
    },
    "mfcc": {
        "mean": [-704.49005127, 125.947395325, -18.8178081512, 26.3940849304, 7.83622407913, 3.13190698624, -0.966370999813, 1.10828089714, -1.25296926498, 3.17326450348, -2.62417984009, 2.5821762085, -0.926371574402],
        "cov": [[13056.0097656, 935.389953613, -1008.75787354, 580.443603516, -13.9243803024, -154.72064209, -229.36479187, 24.0035095215, 71.6969223022, 43.0802726746, -237.165359497, -25.0122489929, -33.5905227661], [935.389953613, 1487.41796875, 94.6063308716, 71.2341003418, 39.3069572449, 134.420608521, 112.034233093, -33.0922775269, -48.5414390564, 22.3355522156, 50.4426956177, -51.8342971802, -57.7721633911], [-1008.75787354, 94.6063308716, 708.526550293, -44.1322174072, -0.218690544367, 92.26121521, 2.79754114151, -49.0873069763, 35.3092498779, -41.6976394653, 82.5191879272, -61.1470794678, -58.8546333313], [580.443603516, 71.2341003418, -44.1322174072, 281.056274414, 3.49226403236, -8.81778049469, -41.6744003296, -15.7730093002, 67.8423919678, -7.33393335342, 12.3112421036, 34.4673919678, -12.5707578659], [-13.9243803024, 39.3069572449, -0.218690544367, 3.49226403236, 169.106002808, -21.243227005, -4.15306138992, 36.4153213501, 5.9049487114, 15.426484108, -14.9771871567, 8.68246555328, 27.912021637], [-154.72064209, 134.420608521, 92.26121521, -8.81778049469, -21.243227005, 234.148330688, 80.3736190796, -4.25660610199, -45.9447059631, -16.3125343323, 45.1801185608, -35.9143257141, -11.7691135406], [-229.36479187, 112.034233093, 2.79754114151, -41.6744003296, -4.15306138992, 80.3736190796, 182.378799438, 30.0777511597, -66.6624221802, 29.7118682861, 4.17415332794, -14.4583301544, 2.82959890366], [24.0035095215, -33.0922775269, -49.0873069763, -15.7730093002, 36.4153213501, -4.25660610199, 30.0777511597, 125.246070862, 9.4542016983, 7.8659658432, -19.0696849823, -0.698626577854, 27.1364860535], [71.6969223022, -48.5414390564, 35.3092498779, 67.8423919678, 5.9049487114, -45.9447059631, -66.6624221802, 9.4542016983, 174.216567993, -9.46079921722, -12.1365966797, -13.2433052063, -30.3336200714], [43.0802726746, 22.3355522156, -41.6976394653, -7.33393335342, 15.426484108, -16.3125343323, 29.7118682861, 7.8659658432, -9.46079921722, 114.472106934, 10.6897277832, 1.41536962986, -1.14120900631], [-237.165359497, 50.4426956177, 82.5191879272, 12.3112421036, -14.9771871567, 45.1801185608, 4.17415332794, -19.0696849823, -12.1365966797, 10.6897277832, 129.014907837, 26.4605178833, -6.20922756195], [-25.0122489929, -51.8342971802, -61.1470794678, 34.4673919678, 8.68246555328, -35.9143257141, -14.4583301544, -0.698626577854, -13.2433052063, 1.41536962986, 26.4605178833, 136.002685547, 41.8683433533], [-33.5905227661, -57.7721633911, -58.8546333313, -12.5707578659, 27.912021637, -11.7691135406, 2.82959890366, 27.1364860535, -30.3336200714, -1.14120900631, -6.20922756195, 41.8683433533, 119.063224792]],
